,Gender,Age,AgeGroup,Married,Dependents,noDependents,Referrals,noReferrals,PaperlessBilling,PaymentMethod,OnlineSecurity,OnlineBackup,TechSupport,UnlimitedData,AvgDownloadGB,ChurnLabel,ChurnScore,CustomerLTV,SatisScore,TotalExtraDataCharge,AvgRoamCharge,TotalRoamCharge,TenureMonths,AvgCharge,TotalCharge,TotalRevenue,MonthRoamCharge,AvgExtraDataCharge,AvgRevenue
0,1,37,30대,1,0,0,1,2,1,1,0,1,1,1,16,0,65,2205,3,0,47910,431100,21,83590.47619047618,1755400,2186500,20528,0,104119
25,1,37,30대,1,1,3,1,10,1,0,0,1,1,0,57,0,65,5892,3,22600,39550,2177740,67,121605.97014925371,8147600,10347940,32503,337,154446
41,0,31,30대,1,1,3,1,1,0,1,0,0,0,0,0,0,65,5230,3,0,26780,669300,37,30464.864864864863,1127200,1796500,18089,0,48554
42,0,46,40대,1,0,0,1,5,1,0,1,1,0,1,19,0,66,3807,3,0,7350,182270,37,71500.0,2645500,2827770,4926,0,76426
44,0,27,20대,0,0,0,1,5,1,0,0,1,1,1,52,0,76,6322,3,0,36610,2632790,84,100023.80952380953,8402000,11034790,31342,0,131366
49,0,25,20대,0,0,0,0,0,0,0,1,1,1,0,69,0,67,4761,3,45200,6220,397080,76,95784.2105263158,7279600,7721880,5224,594,101603
54,1,30,30대,1,0,0,1,10,0,0,0,0,0,1,85,0,74,3442,3,0,48250,289280,18,58900.0,1060200,1349480,16071,0,74971
64,0,49,40대,1,1,2,1,8,1,0,0,0,0,1,12,0,66,5560,3,0,55030,880720,28,107346.42857142857,3005700,3886420,31454,0,138800
73,1,29,20대,0,0,0,0,0,1,0,0,0,0,1,26,1,67,2473,3,0,32320,226340,7,83937.5,671500,897840,32334,0,128262
97,1,60,60대,0,0,0,0,0,0,1,0,0,0,0,0,0,74,5949,3,0,3050,9150,15,24693.33333333333,370400,379550,610,0,25303
98,0,54,50대,1,1,1,1,7,0,0,0,1,0,1,13,0,76,3760,3,0,1240,57860,59,102442.37288135591,6044100,6101960,980,0,103423
107,0,26,20대,1,0,0,1,1,1,0,0,0,0,0,82,1,75,3573,3,113000,2260,22830,10,102018.18181818182,1122200,1258030,2283,11300,125803
109,1,78,70대,1,0,0,1,1,1,0,0,0,0,1,17,1,77,5721,3,0,32430,194700,6,106671.42857142857,746700,941400,32450,0,156900
111,1,68,60대,0,0,0,0,0,1,0,1,0,0,1,20,0,69,4861,3,0,11870,779360,78,121551.28205128205,9481000,10260360,9991,0,131543
113,0,62,60대,0,0,0,0,0,0,0,0,0,0,0,0,1,79,3779,3,0,6330,157410,25,30573.07692307692,794900,952310,6296,0,38092
118,1,51,50대,0,0,0,0,0,1,0,0,1,0,1,22,0,73,2875,3,0,0,0,34,59161.76470588235,2011500,2011500,0,0,59161
123,0,26,20대,1,0,0,1,5,1,0,0,1,0,1,19,1,73,4939,3,0,32540,130060,4,98160.0,490800,620860,32515,0,155215
127,0,69,60대,0,0,0,0,0,1,1,1,0,0,1,19,0,67,4865,3,0,0,0,64,57606.25,3686800,3686800,0,0,57606
136,0,23,20대,0,0,0,0,0,1,0,0,0,1,1,27,1,66,3389,3,0,50400,50400,1,99300.0,198600,249000,50400,0,249000
153,1,29,20대,1,1,1,1,9,0,0,0,1,0,1,51,0,74,5442,3,0,37630,1203450,44,73477.27272727272,3233000,4436450,27351,0,100828
163,0,43,40대,1,1,1,1,1,1,1,1,1,1,1,13,0,70,5879,3,0,17970,1296900,84,133538.09523809524,11217200,12514100,15439,0,148977
166,0,62,60대,1,1,2,1,1,0,0,1,1,1,1,18,0,77,6233,3,0,32090,2308140,84,81233.33333333333,6823600,9131740,27477,0,108711
167,0,21,20대,0,0,0,1,9,0,1,1,1,0,1,47,0,76,3332,3,0,0,0,19,69884.21052631579,1327800,1327800,0,0,69884
170,0,30,30대,0,0,0,0,0,0,1,0,0,0,0,0,1,66,2604,3,0,38760,193570,5,25283.33333333333,151700,345270,38714,0,69054
172,0,56,50대,1,0,0,1,2,1,0,0,0,0,0,0,0,74,5151,3,0,43390,2730870,75,23133.33333333333,1735000,4465870,36411,0,59544
191,1,63,60대,1,0,0,1,1,1,0,0,1,0,1,7,1,77,5612,3,0,55710,3400280,61,117475.80645161292,7283500,10683780,55742,0,175143
239,0,34,30대,0,0,0,0,0,0,1,1,1,0,1,19,0,67,3755,3,0,0,0,21,46780.95238095238,982400,982400,0,0,46780
241,0,59,50대,1,0,0,1,1,1,1,0,0,0,0,0,0,80,5368,3,0,26560,1723140,77,23998.7012987013,1847900,3571040,22378,0,46377
256,0,64,60대,0,0,0,0,0,0,1,1,0,0,1,29,0,80,2120,3,0,14240,284760,32,76321.875,2442300,2727060,8898,0,85220
259,1,44,40대,1,0,0,1,7,1,1,1,0,0,1,7,0,70,5678,3,0,7460,535390,84,123730.95238095238,10393400,10928790,6373,0,130104
280,0,43,40대,1,0,0,1,9,1,1,1,1,0,1,15,0,73,5933,3,0,42600,2812460,78,79052.56410256411,6166100,8978560,36057,0,115109
289,1,34,30대,1,0,0,1,3,1,0,0,0,0,1,14,0,70,4488,3,0,43170,2026200,59,117893.22033898304,6955700,8981900,34342,0,152235
303,1,58,50대,0,0,0,0,0,0,1,0,0,1,0,13,0,69,3239,3,113000,0,0,25,41036.0,1025900,1138900,0,4520,45556
305,0,26,20대,0,1,1,0,0,0,1,0,0,0,0,0,0,76,5662,3,0,26100,1358490,64,30640.625,1961000,3319490,21226,0,51867
310,1,70,70대,1,0,0,1,8,1,0,1,0,0,1,18,0,68,5061,3,0,25650,1593190,74,123124.32432432432,9111200,10704390,21529,0,144653
325,1,61,60대,0,1,3,0,0,1,0,0,0,1,1,53,0,70,5237,3,0,29270,671900,35,57068.57142857143,1997400,2669300,19197,0,76265
328,0,61,60대,1,0,0,1,10,0,0,1,0,1,1,30,0,68,4310,3,0,37180,891120,36,86550.0,3115800,4006920,24753,0,111303
333,1,33,30대,1,1,1,1,5,1,0,0,0,0,1,10,0,67,3916,3,0,32770,65650,14,80878.57142857143,1132300,1197950,4689,0,85567
336,0,57,50대,1,0,0,1,6,1,1,1,0,1,1,9,0,66,5229,3,0,5090,188150,49,74916.32653061225,3670900,3859050,3839,0,78756
340,1,27,20대,0,0,0,0,0,1,0,1,1,0,1,47,0,71,5801,3,0,27010,1673080,74,109072.97297297296,8071400,9744480,22609,0,131682
344,0,26,20대,0,0,0,0,0,1,0,0,1,0,1,48,1,80,2473,3,0,44970,1575670,35,117102.77777777778,4215700,5791370,45019,0,165467
345,1,78,70대,0,0,0,0,0,1,0,0,1,1,1,23,0,70,5185,3,0,0,0,64,59192.1875,3788300,3788300,0,0,59192
359,0,23,20대,0,0,0,0,0,0,1,0,0,0,0,0,0,70,4001,3,0,21920,262840,24,25254.166666666668,606100,868940,10951,0,36205
364,1,44,40대,1,0,0,1,6,1,1,0,0,0,0,0,0,77,5758,3,0,56500,1637140,41,22834.146341463416,936200,2573340,39930,0,62764
369,1,28,20대,1,1,2,1,5,1,0,0,0,1,1,48,0,73,3186,3,0,43730,874850,32,112062.5,3586000,4460850,27339,0,139401
372,1,38,30대,0,0,0,0,0,0,0,1,1,0,1,14,0,71,2845,3,0,17850,125320,19,71563.15789473684,1359700,1485020,6595,0,78158
373,1,28,20대,0,0,0,1,7,1,1,1,0,0,1,59,0,73,4479,3,0,0,0,81,51569.135802469136,4177100,4177100,0,0,51569
379,1,21,20대,0,0,0,1,2,0,0,1,1,0,1,52,0,73,4839,3,0,31410,503190,28,103682.14285714286,2903100,3406290,17971,0,121653
387,1,48,40대,0,0,0,0,0,1,0,1,0,0,0,25,1,75,2269,3,11300,42710,341600,8,59066.66666666666,531600,884500,42700,1412,110562
392,0,53,50대,1,0,0,1,1,0,0,0,0,0,1,12,1,76,5360,3,0,0,0,14,54426.66666666666,816400,816400,0,0,58314
397,0,62,60대,0,0,0,0,0,0,0,0,0,0,0,0,1,66,6265,3,0,29610,1569680,53,23150.0,1250100,2819780,29616,0,53203
405,0,32,30대,1,0,0,1,1,1,1,1,0,1,1,27,0,80,6437,3,0,54010,3891490,84,130515.47619047618,10963300,14854790,46327,0,176842
406,1,47,40대,0,0,0,0,0,1,1,0,0,0,1,19,0,71,2054,3,0,38650,502060,25,95000.0,2375000,2877060,20082,0,115082
413,0,50,50대,0,0,0,0,0,0,0,1,0,1,0,16,0,76,5774,3,33900,3050,199780,77,108919.48051948052,8386800,8620480,2594,440,111954
416,1,40,40대,1,1,1,1,5,0,1,0,0,0,0,0,0,69,2784,3,0,38870,1128640,41,23675.60975609756,970700,2099340,27527,0,51203
429,1,71,70대,0,0,0,0,0,1,0,0,1,0,1,24,0,66,5313,3,0,8480,152780,30,84643.33333333333,2539300,2692080,5092,0,89736
433,0,34,30대,0,0,0,0,0,0,0,0,0,0,1,25,0,66,4825,3,0,11410,329620,41,57582.92682926829,2360900,2690520,8039,0,65622
447,1,41,40대,0,0,0,0,0,1,0,0,0,0,1,4,0,74,5882,3,0,41020,41020,13,69923.07692307692,909000,950020,3155,0,73078
449,1,61,60대,1,1,2,1,1,1,1,1,1,1,1,20,0,74,6491,3,0,32660,2348030,84,138003.57142857142,11592300,13940330,27952,0,165956
460,0,20,20대,0,0,0,0,0,1,1,0,0,0,0,0,0,72,4925,3,0,20680,82600,16,21562.5,345000,427600,5162,0,26725
475,0,77,70대,0,0,0,0,0,0,0,1,0,1,1,11,0,75,4276,3,0,2490,142380,69,109298.55072463768,7541600,7683980,2063,0,111362
481,1,29,20대,0,0,0,0,0,1,1,1,0,1,1,59,0,68,4844,3,0,50510,1818400,48,103435.41666666669,4964900,6783300,37883,0,141318
486,0,53,50대,0,0,0,0,0,1,1,1,1,0,1,28,0,75,4219,3,0,47120,1412270,42,109345.23809523808,4592500,6004770,33625,0,142970
496,0,39,30대,0,0,0,0,0,0,0,1,1,1,1,17,0,67,4621,3,0,12880,928300,84,103525.0,8696100,9624400,11051,0,114576
497,1,31,30대,1,1,2,0,0,1,0,1,0,1,1,12,0,70,4915,3,0,31300,2006200,76,102626.31578947368,7799600,9805800,26397,0,129023
506,0,29,20대,1,1,3,1,1,0,1,0,0,0,1,59,0,72,4232,3,0,40790,2202260,66,74334.84848484848,4906100,7108360,33367,0,107702
508,0,56,50대,0,0,0,0,0,1,1,1,1,0,1,11,0,78,4838,3,0,51530,3398590,78,88693.58974358975,6918100,10316690,43571,0,132265
509,1,49,40대,1,1,1,1,8,1,0,1,0,1,1,12,0,70,2683,3,0,52550,839820,28,132032.14285714287,3696900,4536720,29993,0,162025
521,0,54,50대,1,0,0,1,3,1,0,0,0,0,0,0,0,72,4801,3,0,31530,1830490,70,23541.42857142857,1647900,3478390,26149,0,49691
523,0,29,20대,1,1,1,1,9,0,0,0,0,0,0,0,0,76,5265,3,0,30740,2209720,84,23733.33333333333,1993600,4203320,26306,0,50039
531,1,54,50대,1,0,0,1,4,0,0,1,1,0,0,12,0,77,2506,3,146900,35710,857560,36,91897.22222222222,3308300,4312760,23821,4080,119798
537,0,35,30대,0,0,0,0,0,0,1,0,0,0,0,0,0,79,3976,3,0,31300,62490,14,23442.85714285714,328200,390690,4463,0,27906
553,1,35,30대,0,0,0,0,0,0,1,0,0,0,0,0,0,78,3986,3,0,10510,314250,42,22895.23809523809,961600,1275850,7482,0,30377
560,0,23,20대,0,0,0,0,0,0,0,1,0,1,1,26,0,66,4483,3,0,0,0,82,57473.17073170732,4712800,4712800,0,0,57473
576,1,57,50대,0,0,0,0,0,1,2,0,0,0,0,0,0,80,5191,3,0,7800,15480,14,22892.85714285714,320500,335980,1105,0,23998
587,0,55,50대,0,0,0,0,0,0,0,1,1,1,1,12,0,67,6469,3,0,46440,2881610,74,82398.64864864865,6097500,8979110,38940,0,121339
593,0,46,40대,0,0,0,0,0,1,2,1,0,1,1,4,0,66,5489,3,0,0,0,20,51980.0,1039600,1039600,0,0,51980
599,0,29,20대,1,1,1,1,2,0,0,0,0,0,0,0,0,78,5463,3,0,26670,1836250,81,23669.135802469136,1917200,3753450,22669,0,46338
607,0,66,60대,1,0,0,0,0,1,0,0,1,0,1,2,1,74,5925,3,0,6780,490650,72,122398.6301369863,8935100,9425750,6814,0,130913
613,0,23,20대,0,0,0,0,0,0,2,0,0,0,0,71,1,75,3331,3,11300,24410,170740,7,96637.5,773100,955140,24391,1614,136448
621,1,40,40대,1,0,0,1,9,0,1,0,0,0,0,0,0,79,5062,3,0,9490,390980,53,23745.283018867925,1258500,1649480,7376,0,31122
623,1,44,40대,0,0,0,0,0,1,0,0,0,0,1,17,1,72,2744,3,0,11870,414940,35,118502.77777777778,4266100,4681040,11855,0,133744
634,1,23,20대,0,0,0,0,0,1,1,0,0,0,0,42,0,70,4084,3,158200,55370,2988170,66,110248.48484848483,7276400,10422770,45275,2396,157920
646,1,59,50대,1,0,0,1,6,1,1,1,1,0,1,22,0,75,5176,3,0,48700,3508200,84,83398.80952380953,7005500,10513700,41764,0,125163
650,0,30,30대,1,0,0,1,2,1,1,0,0,0,1,26,1,80,4020,3,0,55140,3804940,69,118152.85714285714,8270700,12075640,55144,0,175009
658,1,59,50대,0,1,2,0,0,0,1,0,0,1,1,26,0,74,3749,3,0,4520,86560,31,56796.77419354839,1760700,1847260,2792,0,59589
683,1,25,20대,0,0,0,0,0,0,0,0,0,0,1,41,1,69,3407,3,0,46100,1889360,41,83421.42857142857,3503700,5393060,46081,0,131538
686,0,27,20대,0,0,0,1,1,1,1,0,0,0,0,0,1,79,6484,3,0,14920,835300,56,29857.894736842107,1701900,2537200,14916,0,45307
687,1,54,50대,1,1,3,1,5,0,1,0,0,0,0,0,0,78,2158,3,0,48700,389170,20,24545.0,490900,880070,19458,0,44003
697,1,36,30대,1,1,2,1,5,1,1,1,0,1,1,11,0,67,5012,3,0,15710,882080,68,128555.88235294116,8741800,9623880,12971,0,141527
730,1,42,40대,0,0,0,0,0,0,1,1,0,0,1,8,0,72,5387,3,0,36390,1526290,54,63511.11111111111,3429600,4955890,28264,0,91775
732,1,34,30대,0,0,0,0,0,1,0,0,0,0,0,0,0,66,4745,3,0,10620,10620,13,25192.30769230769,327500,338120,816,0,26009
738,0,67,60대,1,0,0,1,8,1,0,0,1,1,1,15,0,73,4174,3,0,27570,770430,40,121875.0,4875000,5645430,19260,0,141135
746,1,36,30대,0,0,0,0,0,1,1,0,1,1,0,8,1,65,5091,3,45200,7800,124070,16,63000.0,1071000,1240270,7754,2825,77516
768,0,55,50대,0,0,0,0,0,0,1,1,1,1,1,22,0,67,4993,3,0,47690,1813760,50,81616.0,4080800,5894560,36275,0,117891
775,1,58,50대,1,1,1,1,6,0,0,0,0,0,0,0,0,68,4424,3,0,19550,1410010,84,22602.38095238096,1898600,3308610,16785,0,39388
784,1,44,40대,1,1,1,1,7,1,0,0,0,1,1,19,0,74,5823,3,0,29720,831450,40,106282.5,4251300,5082750,20786,0,127068
790,0,39,30대,1,0,0,1,6,1,1,1,1,1,1,29,0,80,5004,3,0,50400,3171570,75,105108.0,7883100,11054670,42287,0,147395
794,0,20,20대,0,0,0,0,0,0,0,0,0,0,0,0,0,79,3625,3,0,31530,31530,13,27330.76923076923,355300,386830,2425,0,29756
801,1,56,50대,1,0,0,1,9,0,0,1,0,0,1,15,0,67,6203,3,0,4750,268260,68,95470.58823529413,6492000,6760260,3945,0,99415
804,0,63,60대,1,1,1,1,5,1,0,0,0,0,1,10,0,68,3235,3,0,14920,297870,32,59178.125,1893700,2191570,9308,0,68486
808,0,32,30대,1,0,0,1,4,0,1,0,0,0,0,0,0,78,4745,3,0,53000,2650420,62,24412.90322580645,1513600,4164020,42748,0,67161
817,0,61,60대,1,1,1,1,2,1,0,0,0,0,0,0,0,72,5918,3,0,2150,85430,52,24111.53846153846,1253800,1339230,1642,0,25754
834,1,46,40대,1,0,0,0,0,0,1,0,0,0,0,0,0,73,4556,3,0,16500,231090,26,23923.07692307692,622000,853090,8888,0,32811
840,0,20,20대,0,0,0,1,10,0,1,0,0,0,0,0,0,79,4573,3,0,9040,45430,17,23176.470588235294,394000,439430,2672,0,25848
853,0,23,20대,0,0,0,1,2,0,0,0,0,0,0,0,0,72,3743,3,0,41700,1832630,56,23217.85714285714,1300200,3132830,32725,0,55943
856,0,60,60대,0,0,0,0,0,1,1,0,0,1,1,16,0,79,2380,3,0,6100,237980,51,64762.74509803922,3302900,3540880,4666,0,69429
858,1,69,60대,0,0,0,0,0,1,0,0,0,0,1,4,1,74,2754,3,0,14580,58080,4,105060.0,525300,583380,14520,0,145845
859,0,68,60대,0,0,0,0,0,1,1,0,1,0,1,13,0,68,4022,3,0,0,0,82,52687.80487804878,4320400,4320400,0,0,52687
867,0,62,60대,1,1,3,1,6,1,1,1,1,1,1,57,0,70,5138,3,0,0,0,41,65709.75609756098,2694100,2694100,0,0,65709
870,1,52,50대,1,1,2,1,3,1,1,0,0,0,1,17,0,67,4318,3,0,31530,1732180,67,83194.02985074627,5574000,7306180,25853,0,109047
871,0,24,20대,0,0,0,1,2,1,2,0,0,0,1,82,0,69,4900,3,0,16840,151650,21,83704.76190476191,1757800,1909450,7221,0,90926
878,0,72,70대,1,1,1,1,1,1,0,0,1,0,1,22,0,76,6090,3,0,7910,413690,64,94806.25,6067600,6481290,6463,0,101270
879,1,40,40대,0,0,0,0,0,1,0,0,0,0,1,20,0,65,5877,3,0,43280,779470,30,59116.66666666666,1773500,2552970,25982,0,85099
890,1,40,40대,1,1,2,1,1,1,0,0,0,0,0,0,0,70,6466,3,0,32660,1761670,66,29034.848484848484,1916300,3677970,26691,0,55726
902,0,63,60대,1,0,0,1,1,0,1,0,1,1,1,2,0,70,4806,3,0,20000,1222100,73,111234.24657534246,8120100,9342200,16741,0,127975
903,1,59,50대,0,0,0,0,0,1,1,1,0,0,0,15,0,78,5577,3,0,38080,494940,25,94484.0,2362100,2857040,19797,0,114281
906,1,26,20대,1,1,3,1,9,1,0,1,1,1,0,59,0,65,5633,3,158200,39210,2822400,84,135797.61904761905,11407000,14387600,33600,1883,171280
912,0,44,40대,0,0,0,0,0,0,1,1,0,1,0,7,0,68,2724,3,11300,52660,315840,18,92861.11111111112,1671500,1998640,17546,627,111035
914,0,25,20대,1,1,1,1,7,1,0,0,0,0,1,47,0,71,2136,3,0,23840,262730,23,69843.47826086957,1606400,1869130,11423,0,81266
921,0,71,70대,1,0,0,1,8,0,0,0,0,0,0,18,0,78,3587,3,56500,32320,1290910,52,65092.307692307695,3384800,4732210,24825,1086,91004
924,1,37,30대,0,0,0,0,0,1,1,1,0,0,1,13,0,71,4864,3,0,12090,364090,42,58411.90476190476,2453300,2817390,8668,0,67080
932,0,27,20대,0,0,0,0,0,0,0,0,0,0,1,76,0,71,3042,3,0,20680,227810,23,85821.73913043478,1973900,2201710,9904,0,95726
935,0,44,40대,1,1,3,1,5,0,1,0,1,0,1,53,0,70,4741,3,0,0,0,55,34221.818181818184,1882200,1882200,0,0,34221
973,1,22,20대,0,0,0,0,0,1,0,0,1,0,1,69,1,72,5276,3,0,40230,2252090,56,86400.0,4924800,7176890,40215,0,128158
986,1,31,30대,1,0,0,1,1,1,1,0,1,0,1,22,1,78,3596,3,0,36270,362390,10,124290.90909090907,1367200,1729590,36239,0,172959
988,0,69,60대,1,1,1,1,9,1,0,0,0,0,0,0,0,68,4772,3,0,41920,2682390,76,28889.473684210527,2195600,4877990,35294,0,64184
990,0,27,20대,1,1,2,1,7,1,0,0,1,0,1,59,0,65,5542,3,0,40790,1997730,61,109377.04918032789,6672000,8669730,32749,0,142126
992,0,55,50대,0,1,1,0,0,1,0,0,1,0,1,18,0,76,4671,3,0,24070,866480,48,109916.66666666669,5276000,6142480,18051,0,127968
1010,0,21,20대,0,0,0,1,9,0,1,1,1,1,1,26,0,76,5264,3,0,29040,1306390,57,85961.40350877192,4899800,6206190,22919,0,108880
1011,0,32,30대,0,0,0,0,0,1,0,0,0,0,1,16,0,70,2916,3,0,12430,149730,24,96266.66666666669,2310400,2460130,6238,0,102505
1024,0,77,70대,1,0,0,1,2,1,1,0,1,1,1,8,0,74,5413,3,0,2490,150970,73,119327.39726027397,8710900,8861870,2068,0,121395
1034,1,37,30대,1,0,0,0,0,0,1,0,0,0,0,0,0,69,2127,3,0,6780,282390,54,24094.444444444445,1301100,1583490,5229,0,29323
1040,1,43,40대,0,0,0,0,0,0,1,0,0,0,0,0,0,71,5715,3,0,21130,253690,24,22812.5,547500,801190,10570,0,33382
1051,1,64,60대,0,0,0,0,0,0,0,1,1,0,1,17,0,74,4042,3,0,8480,33900,16,76543.75,1224700,1258600,2118,0,78662
1055,0,66,60대,0,0,0,0,0,1,0,1,0,0,1,16,0,70,4447,3,0,33670,639810,31,103412.90322580644,3205800,3845610,20639,0,124051
1059,0,26,20대,0,0,0,0,0,1,0,0,0,0,1,59,1,67,2450,3,0,41250,123620,3,55800.0,223200,346820,41206,0,115606
1063,0,53,50대,0,0,0,0,0,0,1,0,0,0,1,21,1,79,2785,3,0,28250,990330,35,88141.66666666667,3173100,4163430,28295,0,118955
1068,0,27,20대,1,1,3,1,1,1,1,1,1,0,1,41,0,66,5179,3,0,44860,2779240,74,95245.94594594596,7048200,9827440,37557,0,132803
1093,1,45,40대,1,0,0,1,10,1,0,1,1,1,1,5,0,77,4113,3,0,17740,1202550,80,107912.5,8633000,9835550,15031,0,122944
1094,1,48,40대,1,0,0,1,5,1,0,0,0,0,1,27,1,76,5080,3,0,22600,746590,33,111094.11764705884,3777200,4523790,22623,0,137084
1098,1,65,60대,0,0,0,0,0,1,0,1,0,0,1,20,0,79,4716,3,0,14350,85880,18,88122.22222222222,1586200,1672080,4771,0,92893
1115,0,36,30대,1,0,0,1,1,0,0,0,0,0,1,12,1,77,2777,3,0,15260,516750,34,91600.0,3206000,3722750,15198,0,109492
1117,1,53,50대,1,0,0,1,6,0,1,1,1,0,1,10,0,65,5856,3,0,5880,418780,83,111819.27710843371,9281000,9699780,5045,0,116864
1123,0,44,40대,0,0,0,0,0,1,0,0,0,1,1,23,1,69,4581,3,0,10850,130180,12,70415.38461538461,915400,1045580,10848,0,87131
1152,0,42,40대,1,1,3,1,8,0,1,1,1,1,1,27,0,75,4937,3,0,46220,2585670,68,135755.88235294115,9231400,11817070,38024,0,173780
1167,0,56,50대,0,0,0,0,0,1,0,0,0,0,1,21,0,69,4388,3,0,10740,310980,41,100068.29268292684,4102800,4413780,7584,0,107653
1199,0,35,30대,0,0,0,0,0,1,2,1,0,0,1,24,0,70,5445,3,0,53220,1595330,42,65192.857142857145,2738100,4333430,37984,0,103176
1209,0,23,20대,0,0,0,0,0,1,0,0,1,1,1,52,0,73,2989,3,0,36730,734500,32,80465.625,2574900,3309400,22953,0,103418
1243,1,31,30대,1,1,2,1,1,1,1,0,0,0,0,0,0,67,3109,3,0,6670,259110,51,28770.58823529412,1467300,1726410,5080,0,33851
1272,1,32,30대,1,0,0,1,1,1,0,1,0,1,1,3,0,75,4332,3,0,28820,2073100,84,116048.80952380953,9748100,11821200,24679,0,140728
1277,0,57,50대,1,0,0,1,1,1,1,1,1,1,1,11,0,73,4528,3,0,39550,2845110,84,107202.38095238096,9005000,11850110,33870,0,141072
1288,1,38,30대,0,0,0,0,0,0,0,0,0,0,0,0,0,78,2416,3,0,7350,257870,47,27291.489361702126,1282700,1540570,5486,0,32778
1302,1,72,70대,1,0,0,1,10,1,0,0,0,0,1,21,0,71,5523,3,0,14240,683420,60,83278.33333333333,4996700,5680120,11390,0,94668
1313,1,78,70대,1,0,0,1,1,1,0,0,0,0,1,14,1,71,3172,3,0,1470,15930,11,119350.0,1432200,1448130,1448,0,131648
1315,1,55,50대,0,0,0,0,0,0,1,0,0,0,0,0,0,71,3087,3,0,26560,212100,20,23250.0,465000,677100,10605,0,33855
1329,0,73,70대,0,0,0,0,0,1,1,0,1,0,1,26,1,66,5245,3,0,3620,87580,24,120600.0,3015000,3102580,3649,0,129274
1330,1,47,40대,0,0,0,0,0,1,0,0,0,0,1,8,1,76,4157,3,0,11870,23840,2,113833.33333333331,341500,365340,11920,0,182670
1335,1,48,40대,0,0,0,0,0,0,1,1,1,1,1,2,0,65,3152,3,0,15480,450310,41,81000.0,3321000,3771310,10983,0,91983
1336,0,50,50대,0,0,0,0,0,0,0,1,1,0,1,21,0,80,3616,3,0,22940,619010,39,64328.205128205125,2508800,3127810,15872,0,80200
1345,1,48,40대,1,1,1,1,7,0,1,0,0,0,0,0,0,72,5352,3,0,3390,216730,77,30868.83116883117,2376900,2593630,2814,0,33683
1348,1,71,70대,0,0,0,0,0,1,0,0,0,0,1,3,1,67,2491,3,0,2600,7680,3,83875.0,335500,343180,2560,0,114393
1352,1,50,50대,1,0,0,1,3,1,0,0,0,0,1,29,1,72,2036,3,0,47690,1001860,21,103490.90909090907,2276800,3278660,47707,0,156126
1360,0,47,40대,1,0,0,1,5,0,0,0,0,0,0,0,0,70,4571,3,0,25760,1754210,80,29975.0,2398000,4152210,21927,0,51902
1373,0,42,40대,0,0,0,0,0,1,0,0,1,1,1,28,0,70,5653,3,0,14350,42940,15,122120.0,1831800,1874740,2862,0,124982
1380,1,57,50대,1,1,2,1,1,0,1,0,0,1,1,12,1,79,4568,3,0,0,0,30,60561.29032258064,1877400,1877400,0,0,62580
1384,1,39,30대,1,0,0,1,1,0,0,0,0,1,0,4,1,69,3889,3,22600,16840,84190,5,78500.0,471000,577790,16838,4520,115558
1387,1,41,40대,1,0,0,1,1,1,1,0,0,1,0,22,0,76,4639,3,67800,11640,385560,45,111500.0,5017500,5470860,8568,1506,121574
1406,0,39,30대,1,1,2,1,1,0,1,1,1,0,1,19,0,68,4112,3,0,0,0,80,52717.5,4217400,4217400,0,0,52717
1409,1,51,50대,0,0,0,0,0,1,0,0,1,0,1,23,1,76,5274,3,0,11980,48140,4,78820.0,394100,442240,12035,0,110560
1412,0,47,40대,0,0,0,0,0,1,1,1,0,0,1,4,0,70,5268,3,0,0,0,55,42660.0,2346300,2346300,0,0,42660
1418,1,42,40대,0,0,0,0,0,1,0,0,1,0,1,21,1,65,2813,3,0,48360,726030,15,95462.5,1527400,2253430,48402,0,150228
1431,0,29,20대,1,0,0,1,2,0,0,1,1,1,1,69,0,69,4384,3,0,45880,3259710,83,77231.32530120482,6410200,9669910,39273,0,116504
1434,0,47,40대,1,1,3,1,4,1,0,0,0,0,0,0,0,70,6492,3,0,22370,1517590,80,23532.5,1882600,3400190,18969,0,42502
1451,1,52,50대,0,0,0,0,0,1,0,0,1,0,0,13,0,70,5914,3,101700,22940,1559850,80,95625.0,7650000,9311550,19498,1271,116394
1456,0,75,70대,0,0,0,0,0,1,0,0,0,0,0,13,1,70,2015,3,0,44640,312560,7,102037.5,816300,1128860,44651,0,161265
1463,1,23,20대,0,0,0,1,10,0,0,1,1,0,1,27,0,72,2817,3,0,48590,1261870,38,95371.05263157896,3624100,4885970,33207,0,128578
1482,0,20,20대,0,0,0,1,1,0,1,1,0,0,1,52,0,73,3522,3,0,0,0,29,53065.51724137931,1538900,1538900,0,0,53065
1502,0,63,60대,0,0,0,0,0,1,1,1,1,1,1,28,0,69,4322,3,0,36160,1881450,64,100634.375,6440600,8322050,29397,0,130032
1518,1,75,70대,0,0,0,0,0,1,0,0,0,0,1,10,1,71,5342,3,0,39660,554830,14,85400.0,1281000,1835830,39630,0,131130
1524,1,63,60대,0,0,0,0,0,1,1,0,0,0,1,10,1,69,4965,3,0,29950,89950,3,84575.0,338300,428250,29983,0,142750
1541,0,31,30대,1,0,0,1,10,0,0,0,0,1,1,5,0,71,2085,3,0,24750,693260,40,88667.5,3546700,4239960,17331,0,105999
1545,1,41,40대,1,0,0,1,1,1,1,0,1,0,1,25,1,73,3696,3,0,35820,573700,16,106100.0,1803700,2377400,35856,0,148587
1547,1,54,50대,1,0,0,1,7,0,1,1,0,1,1,27,0,74,3882,3,0,0,0,24,39908.333333333336,957800,957800,0,0,39908
1548,1,33,30대,1,1,1,1,1,1,0,0,0,0,0,0,1,73,4633,3,0,8480,8480,1,22500.0,45000,53480,8480,0,53480
1554,0,51,50대,1,0,0,1,8,1,0,1,1,1,1,29,0,67,6103,3,0,53000,3550010,79,130272.15189873418,10291500,13841510,44936,0,175208
1579,0,48,40대,1,0,0,1,4,1,0,1,0,0,1,10,0,70,5089,3,0,46560,3026140,77,120149.35064935064,9251500,12277640,39300,0,159449
1582,0,22,20대,0,0,0,0,0,1,0,0,0,0,1,42,1,76,5272,3,0,49720,1788680,36,99635.13513513512,3686500,5475180,49685,0,152088
1584,0,47,40대,0,0,0,0,0,0,0,1,1,1,1,22,0,68,3380,3,0,36610,1098700,42,84461.90476190476,3547400,4646100,26159,0,110621
1587,0,43,40대,0,0,0,0,0,0,2,0,1,0,1,8,1,76,3131,3,0,43960,219790,5,125583.33333333331,753500,973290,43958,0,194658
1591,0,45,40대,0,0,0,0,0,0,0,0,0,0,1,3,1,76,2570,3,0,52880,105880,2,50866.66666666666,152600,258480,52940,0,129240
1595,1,61,60대,1,1,1,1,7,1,1,1,1,1,0,16,0,65,6221,3,146900,7120,482510,80,99608.75,7968700,8598110,6031,1836,107476
1600,1,65,60대,0,0,0,0,0,0,2,0,0,0,0,0,0,71,4947,3,0,4630,175600,50,23768.0,1188400,1364000,3512,0,27280
1611,1,30,30대,1,0,0,1,2,0,0,1,1,1,1,71,0,80,5054,3,0,25200,1791500,83,107054.21686746988,8885500,10677000,21584,0,128638
1614,1,37,30대,1,1,3,1,1,1,0,1,0,1,1,52,0,67,5661,3,0,9490,521500,67,98277.6119402985,6584600,7106100,7783,0,106061
1619,0,42,40대,0,1,2,0,0,0,2,0,0,0,0,0,0,77,3000,3,0,55940,111980,14,24435.714285714286,342100,454080,7998,0,32434
1638,0,79,70대,0,0,0,0,0,1,0,1,1,1,1,11,0,67,4494,3,0,32660,2186550,79,76484.81012658228,6042300,8228850,27677,0,104162
1667,1,45,40대,1,0,0,1,1,1,1,0,0,0,0,0,1,67,2687,3,0,34010,1053390,31,22446.875,718300,1771690,33980,0,57151
1684,1,77,70대,0,0,0,0,0,1,1,0,0,0,1,25,1,65,3350,3,0,26560,53000,2,85633.33333333333,256900,309900,26500,0,154950
1698,0,46,40대,1,0,0,1,9,1,0,0,1,1,1,11,1,71,6295,3,0,30400,1856930,61,110504.83870967742,6851300,8708230,30441,0,142757
1704,1,70,70대,0,0,0,0,0,1,0,0,0,0,1,22,0,72,5039,3,0,24750,49490,14,95628.57142857143,1338800,1388290,3535,0,99163
1721,0,30,30대,0,0,0,0,0,0,0,0,0,1,1,59,0,68,4025,3,0,55370,2433790,56,118200.0,6619200,9052990,43460,0,161660
1733,1,47,40대,0,0,0,0,0,0,1,0,0,0,0,0,0,72,5774,3,0,49830,49830,13,23330.76923076923,303300,353130,3833,0,27163
1734,0,48,40대,0,1,1,0,0,0,1,0,0,0,0,0,0,79,4052,3,0,36500,984910,39,23864.102564102563,930700,1915610,25254,0,49118
1745,1,32,30대,0,0,0,0,0,1,0,0,0,0,0,19,1,79,2756,3,11300,31300,31300,1,98100.0,196200,238800,31300,11300,238800
1751,0,54,50대,1,0,0,1,1,1,0,1,1,0,1,21,0,75,4959,3,0,21580,712580,45,85566.66666666667,3850500,4563080,15835,0,101401
1756,0,55,50대,1,1,3,1,1,1,0,0,0,0,1,57,1,69,5691,3,0,9720,38760,4,57760.0,288800,327560,9690,0,81890
1766,0,73,70대,0,0,0,0,0,1,0,1,1,0,1,20,0,68,5372,3,0,0,0,83,65804.81927710843,5461800,5461800,0,0,65804
1769,0,68,60대,0,0,0,0,0,1,0,0,0,0,0,6,1,74,5095,3,33900,13790,123850,9,99970.0,999700,1157450,13761,3766,128605
1774,0,49,40대,0,0,0,0,0,1,1,1,1,1,1,4,0,73,6370,3,0,20110,1083670,66,127146.9696969697,8391700,9475370,16419,0,143566
1778,1,65,60대,1,0,0,1,1,0,0,0,1,0,1,3,1,75,4316,3,0,20680,536520,26,98929.62962962964,2671100,3207620,20635,0,123370
1795,1,26,20대,0,0,0,0,0,1,1,0,1,0,1,51,0,70,3132,3,0,43730,175150,16,94381.25,1510100,1685250,10946,0,105328
1798,0,62,60대,0,0,0,0,0,0,0,0,0,0,0,0,0,68,5878,3,0,26220,1387640,65,23144.615384615383,1504400,2892040,21348,0,44492
1812,1,32,30대,1,0,0,1,6,1,1,0,1,1,1,15,0,69,6047,3,0,46670,3036420,77,127483.11688311688,9816200,12852620,39434,0,166917
1819,0,51,50대,0,0,0,0,0,1,0,0,1,1,1,18,0,74,5503,3,0,31640,1075760,46,122947.82608695651,5655600,6731360,23386,0,146333
1820,0,49,40대,0,0,0,0,0,0,1,0,0,0,0,0,0,76,2791,3,0,41020,41020,13,24307.69230769231,316000,357020,3155,0,27463
1838,1,45,40대,1,1,3,1,10,1,0,1,0,1,1,53,0,69,5598,3,0,42710,3078690,84,98180.95238095238,8247200,11325890,36651,0,134832
1840,1,55,50대,0,0,0,0,0,1,0,1,0,1,1,12,0,72,5076,3,0,5200,166680,44,129795.45454545454,5711000,5877680,3788,0,133583
1843,1,29,20대,0,0,0,0,0,0,0,0,0,0,1,41,1,69,2856,3,0,38310,76610,2,100233.33333333331,300700,377310,38305,0,188655
1847,0,42,40대,0,0,0,0,0,1,0,0,0,0,1,2,0,80,3043,3,0,45090,45090,13,60600.0,787800,832890,3468,0,64068
1849,1,22,20대,0,0,0,0,0,0,0,0,1,0,1,59,1,71,4776,3,0,9490,596530,63,117964.0625,7549700,8146230,9468,0,129305
1858,0,67,60대,1,0,0,1,1,1,1,0,1,0,1,27,0,68,2560,3,0,0,0,20,51505.0,1030100,1030100,0,0,51505
1862,1,65,60대,1,0,0,1,2,1,0,0,0,1,0,3,1,70,2596,3,124300,49830,748060,15,100931.25,1614900,2487260,49870,8286,165817
1898,0,52,50대,0,0,0,0,0,1,1,1,0,1,1,17,1,74,4856,3,0,0,0,13,53071.42857142857,743000,743000,0,0,57153
1904,0,80,80대,1,0,0,1,10,0,0,1,0,0,1,13,0,69,2587,3,0,0,0,19,34473.68421052631,655000,655000,0,0,34473
1919,0,27,20대,0,0,0,0,0,0,0,0,0,0,0,52,1,72,4662,3,11300,33560,67120,2,56966.66666666666,170900,249320,33560,5650,124660
1925,1,29,20대,0,0,0,0,0,1,2,0,1,1,1,53,0,69,3056,3,0,1470,40000,39,66017.94871794872,2574700,2614700,1025,0,67043
1930,1,69,60대,1,0,0,1,1,1,1,0,0,0,1,12,0,65,5325,3,0,34010,1802120,65,113026.15384615384,7346700,9148820,27724,0,140751
1947,1,36,30대,1,1,1,1,6,0,1,0,0,1,1,30,0,78,5691,3,0,0,0,47,47687.2340425532,2241300,2241300,0,0,47687
1949,0,75,70대,1,0,0,1,5,1,1,1,1,0,1,5,0,66,4680,3,0,32210,2318760,84,120467.85714285714,10119300,12438060,27604,0,148072
1954,1,61,60대,1,0,0,1,4,1,0,0,0,0,0,4,1,79,5413,3,90400,11750,412560,35,81438.88888888889,2931800,3434760,11787,2582,98136
2006,0,49,40대,0,0,0,0,0,1,0,0,0,0,1,14,1,68,2887,3,0,12540,150740,12,52923.07692307692,688000,838740,12561,0,69895
2025,1,75,70대,0,0,0,0,0,1,1,0,0,0,1,16,1,67,4291,3,0,44750,44750,1,83550.0,167100,211850,44750,0,211850
2028,1,52,50대,0,0,0,0,0,0,0,0,1,0,1,28,0,70,2813,3,0,19210,57630,15,114680.0,1720200,1777830,3842,0,118522
2032,1,46,40대,0,0,0,0,0,1,0,0,0,0,1,23,0,73,4861,3,0,20450,470980,35,110868.57142857143,3880400,4351380,13456,0,124325
2039,0,55,50대,0,0,0,0,0,0,0,1,1,1,1,20,0,68,4200,3,0,51300,3694540,84,109188.09523809524,9171800,12866340,43982,0,153170
2041,1,74,70대,1,0,0,1,1,1,1,0,1,1,1,22,1,69,5098,3,0,22370,893150,40,117458.53658536586,4815800,5708950,22328,0,142723
2042,1,20,20대,0,0,0,1,1,1,0,0,0,0,0,0,0,79,5396,3,0,35710,678000,31,29645.16129032258,919000,1597000,21870,0,51516
2055,1,61,60대,1,1,1,1,7,0,1,0,0,0,0,0,0,74,4058,3,0,5650,39660,19,23910.52631578948,454300,493960,2087,0,25997
2087,1,49,40대,1,0,0,1,9,0,0,1,0,1,0,14,0,77,5160,3,22600,50620,3441640,80,66266.25,5301300,8765540,43020,282,109569
2109,0,64,60대,0,0,0,0,0,1,0,0,0,0,1,22,1,80,2301,3,0,0,0,1,41750.0,83500,83500,0,0,83500
2123,0,21,20대,0,0,0,1,1,0,0,0,1,0,1,52,1,76,4111,3,0,37630,2254350,60,107008.19672131148,6527500,8781850,37572,0,146364
2126,0,24,20대,0,0,0,0,0,1,1,1,0,0,1,51,0,69,2612,3,0,46670,233350,17,66970.58823529411,1138500,1371850,13726,0,80697
2141,0,61,60대,0,0,0,0,0,1,0,0,1,0,1,27,1,75,4694,3,0,13560,81130,6,102328.57142857143,716300,797430,13521,0,132905
2168,0,24,20대,0,1,1,1,8,1,0,0,1,1,1,73,0,71,5721,3,0,54580,1910270,47,128076.59574468085,6019600,7929870,40644,0,168720
2178,0,63,60대,1,1,1,1,10,1,1,0,0,0,1,26,0,67,3476,3,0,6440,217070,46,97386.95652173914,4479800,4696870,4718,0,102105
2188,0,38,30대,1,0,0,1,8,0,1,1,1,1,1,15,0,80,4361,3,0,31750,2124400,79,84439.24050632911,6670700,8795100,26891,0,111330
2206,1,43,40대,1,1,2,1,4,1,1,1,1,0,1,17,0,74,4305,3,0,17740,1261980,83,116489.15662650602,9668600,10930580,15204,0,131693
2210,1,43,40대,1,1,1,1,1,1,1,0,0,1,0,19,1,67,5122,3,22600,0,0,3,35250.0,141000,163600,0,7533,54533
2212,1,35,30대,0,0,0,0,0,0,1,0,0,0,0,0,0,72,5052,3,0,23390,373350,28,23832.14285714286,667300,1040650,13333,0,37166
2215,0,27,20대,0,0,0,0,0,0,2,0,0,0,0,0,0,72,3586,3,0,47690,47690,13,22753.846153846152,295800,343490,3668,0,26422
2239,0,69,60대,0,0,0,0,0,1,1,0,0,1,1,30,0,75,3415,3,0,22490,675290,42,81133.33333333333,3407600,4082890,16078,0,97211
2248,1,32,30대,0,0,0,0,0,1,0,1,0,0,1,26,0,72,5590,3,0,20230,585570,41,77109.75609756098,3161500,3747070,14282,0,91391
2253,0,37,30대,0,1,3,0,0,1,1,0,0,0,0,0,0,76,3383,3,0,20230,20230,13,26261.53846153846,341400,361630,1556,0,27817
2256,0,24,20대,0,0,0,0,0,0,0,0,0,0,1,52,1,80,6304,3,0,7800,460700,59,100256.66666666669,6015400,6476100,7808,0,109764
2260,1,79,70대,0,0,0,0,0,0,0,0,0,0,1,15,1,73,3561,3,0,0,0,5,51000.0,306000,306000,0,0,61200
2266,0,65,60대,0,0,0,0,0,1,0,0,0,0,1,10,0,78,3502,3,0,42490,595170,26,109434.6153846154,2845300,3440470,22891,0,132325
2287,1,37,30대,0,0,0,0,0,0,0,1,0,1,1,27,0,69,2237,3,0,48360,386690,20,62180.0,1243600,1630290,19334,0,81514
2290,1,33,30대,0,0,0,0,0,0,1,0,0,0,0,0,0,67,5252,3,0,39320,196620,17,22752.941176470587,386800,583420,11565,0,34318
2296,0,58,50대,1,1,3,1,6,0,1,0,0,0,0,0,0,70,3047,3,0,45200,1356000,42,25509.52380952381,1071400,2427400,32285,0,57795
2299,0,31,30대,0,0,0,0,0,0,1,0,0,0,0,0,0,73,4136,3,0,41250,1403120,46,23508.695652173912,1081400,2484520,30502,0,54011
2305,0,44,40대,0,0,0,0,0,1,0,0,0,0,1,19,1,69,5701,3,0,45430,226900,5,116650.0,699900,926800,45380,0,185360
2307,1,79,70대,0,0,0,0,0,1,0,0,1,0,1,15,1,72,5546,3,0,51080,408270,8,121733.33333333331,1095600,1503870,51033,0,187983
2316,0,40,40대,1,0,0,1,5,0,1,1,1,1,1,10,0,75,4994,3,0,10740,549180,63,72209.52380952382,4549200,5098380,8717,0,80926
2336,1,58,50대,1,1,1,1,2,1,1,0,0,0,0,0,0,72,2993,3,0,46440,649410,26,23134.615384615383,601500,1250910,24977,0,48111
2343,0,45,40대,0,0,0,0,0,0,1,0,0,0,1,29,0,80,4570,3,0,0,0,13,26961.53846153846,350500,350500,0,0,26961
2351,0,70,70대,0,0,0,0,0,1,1,0,0,0,1,20,0,69,5527,3,0,49830,2341130,59,101828.81355932204,6007900,8349030,39680,0,141508
2357,1,35,30대,1,1,1,1,6,0,1,0,0,0,0,0,0,66,4424,3,0,19440,1127970,70,23865.714285714286,1670600,2798570,16113,0,39979
2358,0,29,20대,0,0,0,0,0,1,1,0,0,0,0,0,0,74,5161,3,0,33220,829990,37,23856.75675675676,882700,1712690,22432,0,46288
2362,0,34,30대,0,0,0,0,0,1,1,1,1,0,1,8,0,75,5461,3,0,42490,1104350,38,108236.84210526316,4113000,5217350,29061,0,137298
2367,0,23,20대,0,0,0,1,3,1,1,1,1,0,1,52,0,79,3422,3,0,0,0,31,41487.096774193546,1286100,1286100,0,0,41487
2386,0,40,40대,0,0,0,0,0,0,0,0,0,0,0,0,0,80,4419,3,0,55480,1943150,47,30234.042553191488,1421000,3364150,41343,0,71577
2387,0,49,40대,0,1,2,0,0,0,1,0,0,0,0,0,0,74,5316,3,0,18760,1124800,72,23501.38888888889,1692100,2816900,15622,0,39123
2390,0,74,70대,0,0,0,0,0,0,1,0,0,0,0,13,0,77,5242,3,158200,35820,860500,36,83302.77777777778,2998900,4017600,23902,4394,111600
2397,0,47,40대,1,1,1,1,2,1,1,1,1,1,1,14,0,70,6486,3,0,19550,1407530,84,133095.2380952381,11180000,12587530,16756,0,149851
2401,1,21,20대,0,0,0,1,6,1,0,1,0,0,1,47,0,76,3131,3,0,21810,697890,44,89675.0,3945700,4643590,15861,0,105536
2404,1,29,20대,1,1,2,1,8,1,0,0,0,0,1,59,0,73,3280,3,0,5990,255150,55,116078.18181818182,6384300,6639450,4639,0,120717
2412,1,78,70대,1,0,0,1,1,1,1,1,1,0,1,24,0,67,4074,3,0,52880,2483970,59,79928.81355932204,4715800,7199770,42101,0,122030
2415,1,51,50대,1,1,2,1,5,1,0,1,1,0,1,19,0,76,4026,3,0,22710,1249220,67,99291.0447761194,6652500,7901720,18645,0,117936
2416,1,36,30대,1,1,1,1,4,1,1,1,1,0,1,22,0,67,4116,3,0,14460,1044690,84,97798.80952380953,8215100,9259790,12436,0,110235
2420,0,56,50대,1,1,1,0,0,1,0,0,0,0,0,0,0,69,3705,3,0,29610,354820,24,28591.666666666668,686200,1041020,14784,0,43375
2434,1,20,20대,0,0,0,1,2,0,1,1,1,1,1,47,0,66,5096,3,0,51640,3714880,84,107561.90476190476,9035200,12750080,44224,0,151786
2443,0,44,40대,1,1,4,1,10,1,0,1,1,0,1,51,0,73,5780,3,0,37290,2685670,84,128775.0,10817100,13502770,31972,0,160747
2468,0,32,30대,0,0,0,0,0,1,1,1,0,1,1,19,0,77,5753,3,0,22490,44860,14,65828.57142857143,921600,966460,3204,0,69032
2470,1,44,40대,1,0,0,1,2,1,0,1,0,1,1,14,0,68,5866,3,0,0,0,69,59592.75362318841,4111900,4111900,0,0,59592
2514,0,22,20대,0,0,0,0,0,1,1,1,1,1,1,52,0,74,5680,3,0,49950,2999470,72,137527.77777777778,9902000,12901470,41659,0,179187
2518,1,56,50대,0,0,0,0,0,1,0,0,0,0,0,23,0,73,3214,3,11300,48250,772580,28,72982.14285714286,2043500,2827380,27592,403,100977
2540,0,25,20대,0,0,0,0,0,0,1,0,0,0,0,0,0,75,3353,3,0,33000,164750,17,23470.58823529412,399000,563750,9691,0,33161
2555,0,24,20대,0,0,0,0,0,0,2,1,1,0,1,82,0,70,2075,3,0,43390,1517930,47,71344.68085106384,3353200,4871130,32296,0,103641
2557,0,80,80대,0,0,0,0,0,1,0,1,0,1,1,27,0,79,4295,3,0,49950,3248750,77,128359.74025974024,9883700,13132450,42191,0,170551
2578,0,66,60대,1,0,0,1,6,1,0,1,0,0,1,8,0,66,4368,3,0,36270,2356280,77,118397.4025974026,9116600,11472880,30601,0,148998
2593,1,38,30대,1,0,0,1,8,0,1,1,1,1,1,23,0,69,4493,3,0,13670,972370,83,109175.90361445784,9061600,10033970,11715,0,120891
2611,1,25,20대,1,1,2,1,1,0,1,0,0,0,0,0,1,78,3797,3,0,42830,42830,1,22650.0,45300,88130,42830,0,88130
2619,0,63,60대,1,1,1,1,6,0,1,0,0,0,0,0,0,69,6059,3,0,11870,827390,82,29552.439024390245,2423300,3250690,10090,0,39642
2621,1,51,50대,1,1,1,1,1,0,0,0,0,0,0,0,0,67,2645,3,0,40120,1083670,39,28743.589743589742,1121000,2204670,27786,0,56530
2622,0,39,30대,1,0,0,1,10,1,0,1,1,1,1,6,0,77,6395,3,0,0,0,79,60431.645569620254,4774100,4774100,0,0,60431
2647,0,40,40대,1,1,1,1,1,1,0,1,0,0,1,26,0,72,6283,3,0,13220,949430,84,124873.80952380953,10489400,11438830,11302,0,136176
2675,0,27,20대,0,0,0,0,0,1,0,1,0,0,1,82,0,67,2333,3,0,49950,199560,16,94131.25,1506100,1705660,12472,0,106603
2678,1,28,20대,1,0,0,1,8,0,0,0,0,0,0,0,0,79,5398,3,0,14580,1047060,84,23114.28571428572,1941600,2988660,12465,0,35579
2683,0,72,70대,0,0,0,0,0,1,0,1,1,0,0,29,0,71,4964,3,11300,11530,691560,72,84583.33333333333,6090000,6792860,9605,156,94345
2689,0,45,40대,0,0,0,0,0,0,1,0,0,0,0,0,0,68,2484,3,0,17850,17850,13,25869.23076923077,336300,354150,1373,0,27242
2694,0,54,50대,1,0,0,1,10,0,1,0,0,0,0,0,0,80,3037,3,0,17290,762190,56,30423.214285714286,1703700,2465890,13610,0,44033
2706,0,45,40대,0,0,0,0,0,0,0,0,0,0,1,24,0,80,2317,3,0,51300,1025810,32,93678.125,2997700,4023510,32056,0,125734
2732,1,68,60대,0,0,0,0,0,1,0,0,0,0,1,2,1,71,2371,3,0,49270,49270,1,102600.0,205200,254470,49270,0,254470
2738,1,39,30대,1,1,3,1,2,1,0,0,1,0,1,51,0,77,6307,3,0,0,0,72,59733.333333333336,4300800,4300800,0,0,59733
2744,0,24,20대,0,0,0,0,0,1,0,1,1,1,1,47,0,74,5841,3,0,33450,2105760,75,101329.33333333331,7599700,9705460,28076,0,129406
2748,0,59,50대,0,0,0,0,0,0,1,1,0,0,0,9,0,77,5578,3,169500,20910,564770,39,59500.0,2320500,3054770,14481,4346,78327
2749,0,45,40대,1,0,0,1,5,1,1,1,1,1,1,16,0,79,6174,3,0,25090,1506520,72,72736.11111111111,5237000,6743520,20923,0,93660
2753,1,33,30대,0,0,0,0,0,1,0,0,0,1,1,19,1,67,4612,3,0,55140,386120,7,89512.5,716100,1102220,55160,0,157460
2758,0,75,70대,1,0,0,1,1,1,0,0,0,0,0,28,1,72,5137,3,45200,29150,844790,29,114210.0,3426300,4316290,29130,1558,148837
2761,0,35,30대,0,0,0,0,0,1,1,0,0,1,1,21,0,76,2166,3,0,31870,95600,15,58213.333333333336,873200,968800,6373,0,64586
2781,1,27,20대,1,0,0,1,2,1,0,1,1,0,1,46,0,68,5561,3,0,23840,1214300,63,110573.01587301587,6966100,8180400,19274,0,129847
2785,0,22,20대,0,0,0,0,0,0,1,0,0,0,0,0,0,75,3705,3,0,4630,74690,28,23135.714285714286,647800,722490,2667,0,25803
2790,1,27,20대,0,0,0,0,0,1,1,0,0,0,1,48,1,72,5182,3,0,0,0,19,53290.0,1065800,1065800,0,0,56094
2798,0,51,50대,0,0,0,0,0,1,1,1,0,0,0,6,0,69,2257,3,45200,2830,137180,60,92036.66666666669,5522200,5704580,2286,753,95076
2802,0,70,70대,1,1,1,1,1,1,0,0,1,0,1,13,0,72,6404,3,0,22940,1560640,80,100788.75,8063100,9623740,19508,0,120296
2823,1,73,70대,1,0,0,1,3,0,0,0,0,0,0,7,0,67,4787,3,158200,3390,158310,59,117981.35593220338,6960900,7277410,2683,2681,123345
2828,0,32,30대,1,0,0,1,7,0,2,1,1,1,1,24,0,76,3851,3,0,32660,913150,40,71490.0,2859600,3772750,22828,0,94318
2843,1,24,20대,0,0,0,0,0,0,0,0,1,0,1,48,0,67,4769,3,0,42710,2688160,75,114329.33333333331,8574700,11262860,35842,0,150171
2848,1,49,40대,1,0,0,1,1,1,0,0,1,1,1,28,1,65,2517,3,0,36160,1483460,41,77600.0,3259200,4742660,36181,0,115674
2858,1,55,50대,0,0,0,0,0,1,1,0,1,1,0,9,0,71,3566,3,67800,33110,1190680,48,84816.66666666667,4071200,5329680,24805,1412,111035
2866,0,27,20대,1,1,1,1,1,0,0,0,0,0,0,0,0,67,6232,3,0,39890,2874490,84,29500.0,2478000,5352490,34220,0,63720
2896,0,77,70대,1,0,0,1,1,1,1,0,1,0,1,4,1,73,2174,3,0,7010,211200,30,92712.90322580644,2874100,3085300,7040,0,102843
2899,0,70,70대,1,1,3,1,4,1,0,1,1,0,1,53,0,70,4353,3,0,22260,1334300,72,109791.66666666669,7905000,9239300,18531,0,128323
2900,0,24,20대,0,0,0,0,0,0,0,0,1,1,1,73,1,65,4454,3,0,24520,1670480,68,128617.39130434782,8874600,10545080,24565,0,155074
2913,0,67,60대,0,0,0,0,0,1,0,0,0,0,1,15,1,65,3715,3,0,18980,360240,19,92750.0,1855000,2215240,18960,0,116591
2914,0,40,40대,0,0,0,0,0,0,1,1,0,1,1,11,0,66,3013,3,0,31080,280010,21,74852.38095238095,1571900,1851910,13333,0,88186
2918,0,63,60대,0,1,2,0,0,0,1,0,0,0,0,0,0,75,4840,3,0,32880,32880,13,22261.53846153846,289400,322280,2529,0,24790
2920,0,25,20대,0,0,0,0,0,1,0,0,0,0,1,52,0,71,4704,3,0,10170,70850,19,83905.26315789473,1594200,1665050,3728,0,87634
2921,0,56,50대,1,0,0,1,1,1,0,1,1,1,0,30,0,76,5219,3,158200,33110,2383060,84,96401.19047619047,8097700,10638960,28369,1883,126654
2930,1,46,40대,1,0,0,1,8,0,0,1,1,1,1,21,0,77,5782,3,0,26100,1778060,80,136551.25,10924100,12702160,22225,0,158777
2951,0,40,40대,0,0,0,0,0,1,0,1,1,1,1,18,0,67,2102,3,0,18190,362730,32,127268.75,4072600,4435330,11335,0,138604
2953,0,70,70대,1,0,0,1,1,1,1,1,1,1,0,7,0,78,4049,3,33900,0,0,84,76210.71428571429,6401700,6435600,0,403,76614
2963,1,37,30대,1,1,2,1,5,0,1,0,1,0,1,30,0,75,5580,3,0,21810,589410,39,58641.02564102564,2287000,2876410,15113,0,73754
2980,0,29,20대,1,1,3,1,6,1,0,1,1,0,1,69,0,80,2722,3,0,41470,1325260,44,107738.63636363635,4740500,6065760,30119,0,137858
2981,0,41,40대,0,0,0,0,0,1,2,0,0,0,0,0,0,65,2259,3,0,48250,819480,29,24827.58620689655,720000,1539480,28257,0,53085
2990,0,54,50대,1,1,3,1,10,0,1,1,1,1,1,75,0,72,5035,3,0,44180,3089650,82,131930.48780487804,10818300,13907950,37678,0,169609
2997,0,55,50대,0,0,0,0,0,0,1,1,0,0,1,24,0,67,4980,3,0,30740,1657940,66,104962.12121212122,6927500,8585440,25120,0,130082
3004,1,52,50대,0,1,1,0,0,0,2,0,0,0,0,19,0,74,5879,3,146900,43840,1535330,47,58251.06382978724,2737800,4420030,32666,3125,94043
3020,0,30,30대,0,0,0,0,0,1,1,0,1,0,1,69,0,69,3540,3,0,5420,48930,21,118061.90476190476,2479300,2528230,2330,0,120391
3028,1,35,30대,1,0,0,1,5,0,0,0,0,1,1,23,0,79,5177,3,0,40790,2490410,73,121039.72602739726,8835900,11326310,34115,0,155154
3032,0,65,60대,1,0,0,1,7,1,0,0,1,0,1,3,0,67,4981,3,0,31080,1925970,74,106068.91891891892,7849100,9775070,26026,0,132095
3033,0,40,40대,1,0,0,1,2,0,2,0,0,0,0,0,1,68,2362,3,0,17060,34240,2,22433.33333333333,67300,101540,17120,0,50770
3041,1,52,50대,0,0,0,0,0,1,0,0,1,0,1,4,0,68,5319,3,0,32090,1155760,48,120691.66666666669,5793200,6948960,24078,0,144770
3042,1,72,70대,0,0,0,0,0,1,0,0,0,0,1,13,0,79,4899,3,0,2490,19660,20,83775.0,1675500,1695160,983,0,84758
3052,1,25,20대,0,1,2,0,0,0,1,1,0,0,1,30,0,79,3425,3,0,19780,356180,30,66880.0,2006400,2362580,11872,0,78752
3079,0,44,40대,1,0,0,1,1,1,1,0,1,0,1,20,0,80,2540,3,0,50400,604780,24,102554.16666666669,2461300,3066080,25199,0,127753
3107,1,48,40대,0,0,0,0,0,1,0,0,0,0,1,29,0,70,5644,3,0,45990,414260,21,50119.04761904762,1052500,1466760,19726,0,69845
3113,1,47,40대,0,0,0,0,0,0,0,0,0,0,1,27,0,78,3000,3,0,0,0,25,58996.0,1474900,1474900,0,0,58996
3129,1,31,30대,1,0,0,1,7,0,0,1,1,0,1,4,0,65,5493,3,0,0,0,72,58015.27777777778,4177100,4177100,0,0,58015
3143,1,72,70대,0,0,0,0,0,0,1,1,0,1,1,27,0,69,4948,3,0,26440,1824500,81,129682.71604938273,10504300,12328800,22524,0,152207
3153,0,28,20대,1,0,0,1,10,0,1,0,1,0,1,48,0,70,4014,3,0,15820,536750,46,105232.60869565218,4840700,5377450,11668,0,116901
3167,1,69,60대,1,0,0,1,9,0,0,1,1,0,1,11,0,68,4053,3,0,4290,271880,76,115268.42105263156,8760400,9032280,3577,0,118845
3173,1,64,60대,0,0,0,0,0,1,0,1,1,0,0,17,1,78,5830,3,135600,37180,705690,19,109015.0,2180300,3021590,37141,7136,159031
3177,1,52,50대,1,0,0,1,7,0,0,1,0,1,1,7,0,68,5980,3,0,0,0,45,69955.55555555556,3148000,3148000,0,0,69955
3180,0,53,50대,1,0,0,1,6,1,1,0,1,1,1,17,0,71,5791,3,0,25990,1867210,84,129161.90476190476,10849600,12716810,22228,0,151390
3182,1,36,30대,0,0,0,0,0,1,1,1,1,1,1,17,0,70,4595,3,0,14460,912700,75,94072.0,7055400,7968100,12169,0,106241
3194,1,24,20대,0,0,0,0,0,1,1,0,1,0,1,48,0,74,2113,3,0,28140,589970,33,119675.75757575755,3949300,4539270,17877,0,137553
3207,0,60,60대,0,0,0,0,0,1,0,0,0,1,0,6,1,78,2933,3,11300,1700,53560,31,64140.625,2052500,2117360,1727,364,68301
3219,1,21,20대,0,0,0,1,4,0,0,0,0,0,0,0,0,70,3402,3,0,43620,872360,32,23318.75,746200,1618560,27261,0,50580
3222,0,68,60대,1,0,0,1,3,0,0,0,1,1,1,3,0,65,5328,3,0,31190,622860,32,124496.875,3983900,4606760,19464,0,143961
3233,0,59,50대,1,0,0,1,7,0,1,1,0,1,1,24,0,69,3671,3,0,0,0,48,71252.08333333333,3420100,3420100,0,0,71252
3250,1,33,30대,1,0,0,1,9,1,0,1,1,0,1,11,0,71,4392,3,0,55940,2404190,55,110365.45454545454,6070100,8474290,43712,0,154078
3259,0,39,30대,1,1,1,0,0,0,1,0,0,0,0,0,0,66,5019,3,0,13450,643310,60,27693.33333333333,1661600,2304910,10721,0,38415
3264,0,80,80대,1,0,0,1,1,1,0,0,1,1,0,15,1,80,4011,3,169500,0,0,46,69553.1914893617,3269000,3438500,0,3684,74750
3267,0,33,30대,1,0,0,1,1,1,0,0,0,0,1,5,1,76,6098,3,0,12200,717320,59,116730.0,7003800,7721120,12157,0,130866
3269,0,63,60대,0,0,0,0,0,0,1,0,0,0,0,0,0,77,5823,3,0,51640,1342670,38,24434.21052631579,928500,2271170,35333,0,59767
3283,1,25,20대,0,0,0,0,0,0,0,0,0,0,0,0,0,70,4725,3,0,21700,1108190,63,24525.396825396827,1545100,2653290,17590,0,42115
3286,1,54,50대,1,0,0,1,4,1,0,0,0,1,0,4,0,76,4969,3,0,11190,89270,20,106475.0,2129500,2218770,4463,0,110938
3328,1,77,70대,0,0,0,0,0,1,0,0,0,0,1,19,0,75,2578,3,0,9150,54690,18,106927.77777777778,1924700,1979390,3038,0,109966
3335,1,31,30대,0,0,0,0,0,1,0,0,0,0,1,30,1,70,5955,3,0,4970,4970,1,50950.0,101900,106870,4970,0,106870
3336,1,58,50대,1,0,0,1,1,1,1,0,0,1,1,11,0,69,4080,3,0,0,0,70,64981.42857142857,4548700,4548700,0,0,64981
3337,0,34,30대,0,0,0,0,0,1,1,1,0,0,1,5,0,78,2070,3,0,34010,441600,25,85484.0,2137100,2578700,17664,0,103148
3343,0,22,20대,0,0,0,0,0,1,0,1,1,1,1,59,0,70,4656,3,0,54580,3057670,68,74011.76470588235,5032800,8090470,44965,0,118977
3351,1,30,30대,1,1,3,1,9,0,1,0,0,0,0,0,0,75,4386,3,0,29380,645910,34,30641.176470588234,1041800,1687710,18997,0,49638
3367,0,49,40대,1,0,0,1,3,1,0,0,1,1,1,28,0,77,5276,3,0,54810,2956420,66,83250.0,5494500,8450920,44794,0,128044
3371,1,44,40대,0,0,0,0,0,1,1,0,0,0,1,27,1,74,4198,3,0,37740,1169320,31,103743.75,3319800,4489120,37720,0,144810
3387,1,54,50대,0,0,0,0,0,1,0,1,0,0,1,5,0,67,3605,3,0,12090,156620,25,89628.0,2240700,2397320,6264,0,95892
3402,1,48,40대,1,0,0,1,1,1,0,0,0,0,1,30,1,74,5640,3,0,4630,18760,4,101160.0,505800,524560,4690,0,131140
3418,1,35,30대,1,1,1,1,3,0,0,1,1,1,1,15,0,76,4491,3,0,1700,99210,69,75810.14492753622,5230900,5330110,1437,0,77247
3423,0,66,60대,0,0,0,0,0,1,0,0,1,0,1,28,0,68,5080,3,0,22260,1511490,80,113650.0,9092000,10603490,18893,0,132543
3431,1,44,40대,1,1,3,1,10,0,1,0,0,0,0,0,0,68,3205,3,0,52660,790550,27,24666.666666666668,666000,1456550,29279,0,53946
3438,0,23,20대,0,0,0,1,1,1,0,1,1,0,1,52,0,68,5793,3,0,17630,827950,59,113157.62711864409,6676300,7504250,14033,0,127190
3439,0,46,40대,0,0,0,0,0,0,1,0,0,0,0,30,1,69,3797,3,45200,0,0,10,34709.09090909091,381800,427000,0,4520,42700
3443,1,51,50대,0,0,0,0,0,1,1,0,0,0,0,0,0,78,5594,3,0,19210,192210,22,27854.545454545456,612800,805010,8736,0,36591
3444,1,47,40대,1,1,2,1,1,0,0,1,0,1,1,17,0,80,4631,3,0,18650,558670,42,76990.47619047618,3233600,3792270,13301,0,90292
3455,1,57,50대,0,0,0,0,0,0,0,1,1,0,1,13,0,78,2604,3,0,28360,1078250,50,99424.0,4971200,6049450,21565,0,120989
3461,1,30,30대,0,0,0,1,8,1,0,0,0,0,1,73,0,73,2551,3,0,46560,326010,19,78210.52631578948,1486000,1812010,17158,0,95368
3465,0,24,20대,0,0,0,0,0,0,0,1,0,1,1,76,0,79,4705,3,0,56050,1457590,38,88468.42105263157,3361800,4819390,38357,0,126826
3466,0,50,50대,0,0,0,0,0,1,0,0,1,0,1,14,1,65,3662,3,0,15590,46900,3,123450.0,493800,540700,15633,0,180233
3472,1,22,20대,0,0,0,1,9,0,1,0,0,0,0,0,0,70,5352,3,0,34800,313580,21,24009.52380952381,504200,817780,14932,0,38941
3481,1,61,60대,1,1,1,1,8,0,0,1,0,0,1,21,0,73,3147,3,0,50400,201820,16,60737.5,971800,1173620,12613,0,73351
3490,1,46,40대,1,0,0,1,1,1,0,0,0,0,1,30,1,66,2601,3,0,0,0,18,48226.31578947369,916300,916300,0,0,50905
3493,1,32,30대,1,0,0,1,10,1,1,0,1,1,1,11,0,70,4521,3,0,51750,3050210,71,117161.97183098592,8318500,11368710,42960,0,160122
3497,1,33,30대,1,0,0,1,1,1,1,0,1,0,0,20,1,76,5646,3,11300,35710,107120,3,102825.0,411300,529720,35706,3766,176573
3504,0,73,70대,1,0,0,1,7,1,0,0,0,0,1,12,0,67,2217,3,0,41580,1204350,41,98039.0243902439,4019600,5223950,29374,0,127413
3512,0,48,40대,0,0,0,0,0,1,0,1,1,1,1,28,0,80,6406,3,0,0,0,75,47398.66666666666,3554900,3554900,0,0,47398
3516,0,27,20대,0,0,0,0,0,1,0,1,0,1,1,48,0,75,5822,3,0,11750,293800,37,121705.4054054054,4503100,4796900,7940,0,129645
3519,0,62,60대,1,1,3,1,10,1,1,0,1,0,1,20,0,72,5804,3,0,13220,650090,61,106386.88524590163,6489600,7139690,10657,0,117044
3532,0,68,60대,0,0,0,0,0,0,0,0,0,0,1,13,0,71,3654,3,0,53110,2016490,50,111474.0,5573700,7590190,40329,0,151803
3536,1,23,20대,0,0,0,1,2,1,2,1,1,1,1,42,0,80,4781,3,0,20340,1303910,76,88901.31578947368,6756500,8060410,17156,0,106058
3547,1,44,40대,0,1,3,0,0,0,2,0,1,0,1,53,0,69,5880,3,0,0,0,15,33740.0,506100,506100,0,0,33740
3553,0,73,70대,0,0,0,0,0,1,0,0,0,0,1,19,1,72,4694,3,0,0,0,4,29360.0,146800,146800,0,0,36700
3563,1,27,20대,0,0,0,0,0,0,2,0,1,1,0,69,1,67,5515,3,11300,28020,252330,9,74600.0,746000,1009630,28036,1255,112181
3572,1,59,50대,1,1,3,1,7,1,1,1,1,0,1,53,0,72,4173,3,0,21470,1201640,68,71980.88235294117,4894700,6096340,17671,0,89652
3575,0,24,20대,0,0,0,0,0,1,1,1,0,1,1,51,0,72,3628,3,0,38870,350190,21,80919.04761904762,1699300,2049490,16675,0,97594
3588,0,64,60대,0,1,2,0,0,0,1,1,0,1,1,12,0,73,3044,3,0,0,0,45,40015.55555555556,1800700,1800700,0,0,40015
3592,1,56,50대,0,1,2,0,0,0,1,0,0,0,0,24,1,72,3106,3,169500,0,0,39,35882.5,1435300,1604800,0,4346,41148
3594,1,32,30대,1,1,2,1,4,1,1,1,1,1,1,23,0,68,4567,3,0,37400,1831050,61,103208.19672131148,6295700,8126750,30017,0,133225
3601,0,26,20대,0,0,0,0,0,0,0,0,0,1,1,59,0,66,2448,3,0,51080,1431370,40,107287.5,4291500,5722870,35784,0,143071
3615,0,47,40대,0,0,0,0,0,1,0,0,0,0,1,2,1,80,4193,3,0,28020,223850,8,102122.22222222222,919100,1142950,27981,0,142868
3621,1,27,20대,0,0,0,0,0,0,0,1,1,0,1,26,0,80,3048,3,0,24970,1047960,54,69283.33333333333,3741300,4789260,19406,0,88690
3641,0,52,50대,1,0,0,1,9,1,1,1,1,1,1,18,0,72,4036,3,0,0,0,84,76682.14285714286,6441300,6441300,0,0,76682
3642,1,74,70대,0,0,0,0,0,1,0,0,0,0,1,21,1,74,4596,3,0,17290,34580,2,77900.0,233700,268280,17290,0,134140
3660,0,57,50대,0,0,0,0,0,1,0,0,0,0,1,6,1,73,4480,3,0,24750,74130,3,115375.0,461500,535630,24710,0,178543
3665,1,78,70대,1,0,0,0,0,1,1,0,0,0,1,9,1,74,2431,3,0,55370,1770030,32,100160.60606060606,3305300,5075330,55313,0,158604
3669,0,45,40대,0,0,0,0,0,1,0,1,1,1,1,9,0,73,2716,3,0,0,0,24,61191.66666666666,1468600,1468600,0,0,61191
3675,1,25,20대,0,0,0,0,0,1,0,1,0,1,0,73,0,67,4824,3,146900,0,0,78,72529.48717948717,5657300,5804200,0,1883,74412
3692,0,45,40대,0,1,1,0,0,0,1,1,1,1,0,27,0,77,5447,3,124300,56500,2090050,49,72106.12244897959,3533200,5747550,42654,2536,117296
3693,0,43,40대,0,0,0,0,0,0,0,1,0,0,1,18,0,70,3559,3,0,35710,142720,16,103612.5,1657800,1800520,8920,0,112532
3710,1,43,40대,0,0,0,0,0,1,1,0,0,0,1,29,0,65,2245,3,0,6220,12320,14,56192.857142857145,786700,799020,880,0,57072
3712,1,42,40대,1,0,0,1,4,1,1,0,0,1,1,17,0,67,3740,3,0,40680,731450,30,58810.0,1764300,2495750,24381,0,83191
3714,1,65,60대,0,0,0,0,0,1,0,1,1,0,1,22,0,68,4977,3,0,54240,2711440,62,97296.7741935484,6032400,8743840,43732,0,141029
3721,1,47,40대,0,0,0,0,0,1,0,0,0,0,1,2,1,70,3351,3,0,0,0,1,44600.0,89200,89200,0,0,89200
3726,0,45,40대,0,0,0,0,0,1,0,1,0,0,1,16,0,71,5274,3,0,21920,986040,57,58901.75438596492,3357400,4343440,17298,0,76200
3731,1,72,70대,0,0,0,0,0,1,1,1,1,1,1,5,0,80,4657,3,0,41250,2720700,78,76447.43589743589,5962900,8683600,34880,0,111328
3734,1,54,50대,1,1,1,1,1,0,0,1,1,1,1,19,0,70,5324,3,0,36610,1172710,44,90113.63636363635,3965000,5137710,26652,0,116766
3757,0,69,60대,1,0,0,1,1,1,0,0,1,1,1,4,1,73,4708,3,0,55260,3811150,69,126024.28571428572,8821700,12632850,55234,0,183084
3764,1,49,40대,1,0,0,1,1,1,0,0,1,0,0,26,0,77,6166,3,169500,24180,1401200,70,112147.14285714286,7850300,9421000,20017,2421,134585
3769,0,53,50대,0,0,0,0,0,0,1,1,0,1,1,28,0,75,2191,3,0,17060,460360,39,63794.8717948718,2488000,2948360,11804,0,75598
3772,0,34,30대,1,0,0,1,1,0,0,0,0,1,1,22,1,67,2349,3,0,31640,602060,19,120970.0,2419400,3021460,31687,0,159024
3773,0,64,60대,1,0,0,1,7,1,2,0,0,0,0,0,0,78,5623,3,0,37180,2083830,68,28833.82352941177,1960700,4044530,30644,0,59478
3787,0,56,50대,1,0,0,1,9,0,1,0,0,0,0,0,0,69,5689,3,0,40450,970900,36,23272.222222222223,837800,1808700,26969,0,50241
3789,1,80,80대,0,0,0,0,0,0,0,0,0,0,1,30,1,74,3542,3,0,0,0,3,29175.0,116700,116700,0,0,38900
3790,1,63,60대,1,0,0,0,0,1,1,0,1,0,1,28,1,69,4811,3,0,50850,1219270,24,122040.0,3051000,4270270,50802,0,177927
3800,1,40,40대,1,0,0,0,0,1,1,1,0,1,1,23,0,72,5770,3,0,43170,3066370,83,95727.7108433735,7945400,11011770,36944,0,132671
3809,0,35,30대,0,1,2,0,0,0,1,0,0,0,0,0,1,80,5437,3,0,14460,14460,1,21800.0,43600,58060,14460,0,58060
3814,1,53,50대,0,0,0,0,0,1,0,0,0,0,0,24,1,73,3975,3,135600,14460,172890,12,106530.76923076923,1384900,1693390,14407,11300,141115
3819,0,26,20대,1,1,3,0,0,0,0,0,0,1,1,59,0,79,3153,3,0,13330,333120,37,102364.86486486488,3787500,4120620,9003,0,111368
3821,1,38,30대,0,0,0,0,0,0,1,0,0,1,1,12,0,75,5541,3,0,53790,591780,23,83252.17391304347,1914800,2506580,25729,0,108981
3822,1,57,50대,0,0,0,0,0,0,1,0,0,0,0,0,0,74,2618,3,0,3960,185320,59,23793.22033898305,1403800,1589120,3141,0,26934
3827,1,49,40대,1,0,0,0,0,0,0,0,0,0,0,0,0,68,4137,3,0,54240,1085480,32,22918.75,733400,1818880,33921,0,56840
3835,0,42,40대,0,0,0,0,0,1,1,0,0,0,0,0,0,70,5221,3,0,18530,240240,25,23224.0,580600,820840,9609,0,32833
3840,1,78,70대,1,0,0,1,1,0,0,0,0,0,1,18,1,67,4225,3,0,20000,40120,2,88733.33333333333,266200,306320,20060,0,153160
3851,1,67,60대,1,0,0,1,1,1,1,0,0,1,1,20,1,68,4994,3,0,18530,519800,28,118989.6551724138,3450700,3970500,18564,0,141803
3878,1,25,20대,1,0,0,1,1,0,0,1,0,0,1,82,0,72,3358,3,0,50510,2325540,58,62125.86206896552,3603300,5928840,40095,0,102221
3883,1,50,50대,0,0,0,0,0,1,0,1,0,0,0,25,0,70,3027,3,33900,27910,558900,32,105200.0,3366400,3959200,17465,1059,123725
3904,1,69,60대,0,0,0,0,0,1,1,0,1,0,1,23,0,71,3283,3,0,46440,836540,30,59130.0,1773900,2610440,27884,0,87014
3910,0,65,60대,1,0,0,0,0,0,0,0,1,0,1,30,0,73,6120,3,0,50400,3629450,84,116502.38095238096,9786200,13415650,43207,0,159710
3921,1,21,20대,0,0,0,0,0,1,1,1,1,1,0,59,0,70,5308,3,101700,16840,1141870,80,96331.25,7706500,8950070,14273,1271,111875
3926,1,35,30대,0,0,0,0,0,0,1,0,0,0,0,0,1,76,5984,3,0,42600,170180,4,22780.0,113900,284080,42545,0,71020
3933,0,31,30대,0,0,0,0,0,1,1,0,0,0,0,26,1,73,2644,3,79100,15590,15590,1,51450.0,102900,197590,15590,79100,197590
3936,0,79,70대,0,0,0,0,0,1,1,0,0,0,0,0,0,73,4788,3,0,5420,381150,83,29269.87951807229,2429400,2810550,4592,0,33862
3941,0,34,30대,1,0,0,1,2,1,0,1,0,1,1,19,0,68,4668,3,0,31870,2263280,83,96609.63855421689,8018600,10281880,27268,0,123878
3948,1,53,50대,0,0,0,0,0,1,1,0,0,0,0,0,0,74,5221,3,0,1470,5880,16,22912.5,366600,372480,367,0,23280
3956,1,73,70대,0,0,0,0,0,1,1,1,1,0,0,18,0,79,4757,3,45200,0,0,55,39332.72727272727,2163300,2208500,0,821,40154
3957,0,79,70대,1,0,0,1,5,1,0,1,0,1,1,11,0,78,5490,3,0,44070,2291640,64,124626.5625,7976100,10267740,35806,0,160433
3958,1,25,20대,0,0,0,0,0,1,0,1,1,1,1,42,0,76,5536,3,0,43840,2673130,73,140905.4794520548,10286100,12959230,36618,0,177523
3965,1,57,50대,0,0,0,0,0,1,0,1,1,1,1,11,0,69,4131,3,0,12770,358210,40,69165.0,2766600,3124810,8955,0,78120
3986,0,60,60대,0,0,0,0,0,0,0,0,0,0,0,0,0,79,5448,3,0,53450,1283570,36,28358.33333333333,1020900,2304470,35654,0,64013
3988,1,78,70대,0,0,0,0,0,0,0,1,0,0,1,3,0,71,5085,3,0,38420,1997840,64,70154.6875,4489900,6487740,31216,0,101370
3991,1,61,60대,1,0,0,1,2,1,0,1,1,0,1,14,0,67,4545,3,0,52770,3588430,80,130216.25,10417300,14005730,44855,0,175071
3994,0,46,40대,1,0,0,1,1,1,0,1,1,1,1,6,0,74,5242,3,0,17520,1262660,84,80446.42857142857,6757500,8020160,15031,0,95478
3997,1,74,70대,0,0,0,0,0,1,0,0,0,0,1,10,1,73,2671,3,0,14920,29720,2,85600.0,256800,286520,14860,0,143260
3998,1,37,30대,0,1,2,0,0,1,1,0,0,0,0,0,0,69,2774,3,0,12770,38190,15,26313.33333333333,394700,432890,2546,0,28859
4009,0,29,20대,1,0,0,1,1,1,0,0,0,1,1,51,1,73,4072,3,0,6670,127350,19,118065.0,2361300,2488650,6702,0,130981
4012,0,28,20대,1,1,3,1,9,1,1,1,0,0,1,73,0,76,5517,3,0,1580,46220,41,70487.80487804877,2890000,2936220,1127,0,71615
4013,0,30,30대,0,0,0,0,0,1,0,0,0,1,1,27,0,77,4422,3,0,4180,120910,41,89002.43902439025,3649100,3770010,2949,0,91951
4015,0,55,50대,0,0,0,0,0,1,0,0,0,0,1,15,1,74,5518,3,0,13110,13110,1,84700.0,169400,182510,13110,0,182510
4018,0,21,20대,0,0,0,0,0,1,1,0,0,1,1,82,0,70,2893,3,0,43280,692800,28,86546.42857142857,2423300,3116100,24742,0,111289
4023,0,37,30대,1,1,3,1,7,0,1,0,0,0,0,0,0,65,4517,3,0,13330,464770,47,23365.957446808512,1098200,1562970,9888,0,33254
4024,0,24,20대,0,0,0,1,2,0,0,0,0,0,0,0,0,72,4766,3,0,37970,2696520,83,28391.566265060243,2356500,5053020,32488,0,60879
4026,1,21,20대,0,0,0,1,6,0,1,0,1,1,1,73,0,78,3648,3,0,12430,410530,45,102333.33333333331,4605000,5015530,9122,0,111456
4029,0,26,20대,0,1,2,0,0,0,1,0,0,0,0,0,0,65,2400,3,0,19550,527820,39,23284.615384615383,908100,1435920,13533,0,36818
4035,0,45,40대,0,0,0,0,0,0,1,0,0,0,1,16,0,74,3498,3,0,26330,26330,13,52638.46153846154,684300,710630,2025,0,54663
4047,1,34,30대,0,0,0,0,0,0,0,0,0,0,1,23,0,75,5902,3,0,38190,420020,23,88834.78260869565,2043200,2463220,18261,0,107096
4051,0,30,30대,1,0,0,0,0,1,0,0,0,1,0,51,0,78,4945,3,22600,28020,982080,47,106723.40425531915,5016000,6020680,20895,480,128099
4063,1,32,30대,1,1,1,0,0,1,1,0,0,0,0,0,0,67,5219,3,0,30400,2123840,82,23587.80487804878,1934200,4058040,25900,0,49488
4066,1,27,20대,1,1,2,1,7,1,1,1,1,1,1,51,0,65,5011,3,0,37860,2082030,67,87192.53731343284,5841900,7923930,31075,0,118267
4072,0,58,50대,1,0,0,0,0,1,0,1,1,1,1,6,0,80,6479,3,0,48700,3508200,84,136715.47619047618,11484100,14992300,41764,0,178479
4078,1,61,60대,0,0,0,0,0,0,0,0,0,0,0,0,0,77,5358,3,0,40680,1300630,44,24250.0,1067000,2367630,29559,0,53809
4082,1,20,20대,0,0,0,1,1,0,1,0,0,0,0,47,1,74,3046,3,90400,24520,466130,19,106530.0,2130600,2687130,24533,4757,141427
4089,1,32,30대,0,1,2,0,0,1,0,0,0,0,1,19,0,79,4240,3,0,38080,838570,34,99617.64705882352,3387000,4225570,24663,0,124281
4093,0,59,50대,1,1,3,1,1,0,0,0,0,0,0,0,0,72,2111,3,0,23390,1124350,60,30936.666666666668,1856200,2980550,18739,0,49675
4098,1,20,20대,0,0,0,1,6,1,0,0,1,0,1,59,0,66,2721,3,0,4750,71080,27,125974.07407407407,3401300,3472380,2632,0,128606
4103,0,25,20대,0,0,0,0,0,0,0,0,0,0,1,73,0,72,4612,3,0,2600,45990,30,100430.0,3012900,3058890,1533,0,101963
4106,1,40,40대,0,0,0,0,0,1,1,0,0,0,0,0,0,77,5554,3,0,48820,292780,18,23750.0,427500,720280,16265,0,40015
4113,0,41,40대,1,1,2,1,5,0,0,1,0,0,1,14,0,78,4427,3,0,40790,2933030,84,124657.14285714286,10471200,13404230,34917,0,159574
4117,0,32,30대,1,0,0,1,2,1,0,0,1,0,1,18,0,76,6016,3,0,13110,941290,84,105160.71428571428,8833500,9774790,11205,0,116366
4123,0,48,40대,1,0,0,1,5,1,0,1,1,1,1,26,0,76,5993,3,0,13560,977900,84,102745.23809523808,8630600,9608500,11641,0,114386
4125,0,58,50대,1,0,0,1,1,1,0,0,0,0,1,23,1,67,3099,3,0,18420,738120,40,111956.0975609756,4590200,5328320,18453,0,133208
4132,0,42,40대,0,0,0,0,0,0,0,0,0,0,0,0,0,68,2607,3,0,54920,2142250,51,22537.254901960783,1149400,3291650,42004,0,64542
4137,1,25,20대,0,0,0,0,0,1,0,1,1,0,1,30,0,66,5133,3,0,24180,1593750,78,72696.15384615384,5670300,7264050,20432,0,93128
4142,0,28,20대,0,0,0,0,0,1,1,0,0,0,0,0,0,80,2184,3,0,47690,47690,13,23176.92307692308,301300,348990,3668,0,26845
4147,0,34,30대,0,0,0,0,0,1,0,0,0,1,1,22,1,72,2729,3,0,27350,709870,26,93929.62962962964,2536100,3245970,27302,0,124845
4157,1,39,30대,1,1,1,1,7,0,1,0,0,0,0,0,0,74,5099,3,0,10960,371090,46,23893.478260869564,1099100,1470190,8067,0,31960
4170,1,51,50대,1,0,0,1,1,1,0,0,1,0,1,15,1,66,4481,3,0,0,0,72,64527.39726027397,4710500,4710500,0,0,65423
4173,1,48,40대,1,0,0,1,1,0,1,0,0,0,0,0,0,79,4298,3,0,53000,847270,28,22685.714285714286,635200,1482470,30259,0,52945
4188,0,59,50대,1,1,2,1,4,0,1,1,0,1,1,30,0,69,4021,3,0,42830,984000,35,66765.71428571429,2336800,3320800,28114,0,94880
4214,1,21,20대,0,0,0,1,4,1,0,0,1,0,1,51,1,72,2570,3,0,11300,45090,4,118120.0,590600,635690,11272,0,158922
4220,0,40,40대,0,0,0,0,0,0,1,1,0,1,1,2,0,73,2653,3,0,0,0,58,45124.137931034486,2617200,2617200,0,0,45124
4226,1,34,30대,1,0,0,1,1,1,0,0,0,0,1,7,1,67,3075,3,0,7680,123280,16,97294.11764705884,1654000,1777280,7705,0,111080
4242,0,34,30대,0,0,0,0,0,1,1,0,0,0,1,22,0,80,5586,3,0,17520,174590,22,55777.27272727273,1227100,1401690,7935,0,63713
4245,1,49,40대,1,0,0,1,4,0,0,1,0,1,0,30,0,74,4620,3,158200,46900,3185810,80,68960.0,5516800,8860810,39822,1977,110760
4246,1,29,20대,0,0,0,0,0,1,1,1,0,1,0,41,0,77,5689,3,22600,50960,1324700,38,100300.0,3811400,5158700,34860,594,135755
4251,0,46,40대,0,0,0,0,0,0,0,1,1,1,1,20,0,76,4094,3,0,0,0,83,63339.75903614458,5257200,5257200,0,0,63339
4280,1,62,60대,1,1,2,1,8,0,1,0,0,0,0,0,0,70,2828,3,0,6100,175380,41,31007.31707317073,1271300,1446680,4277,0,35284
4285,1,30,30대,0,0,0,0,0,0,1,0,0,1,1,58,1,65,4330,3,0,45990,137860,3,90525.0,362100,499960,45953,0,166653
4309,0,43,40대,1,0,0,1,5,0,1,1,1,1,1,20,0,69,4454,3,0,41360,2725900,78,113744.8717948718,8872100,11598000,34947,0,148692
4310,1,67,60대,1,0,0,1,1,1,0,1,0,0,1,12,0,66,4025,3,0,47350,1088420,35,111637.14285714286,3907300,4995720,31097,0,142734
4312,1,47,40대,0,0,0,0,0,1,0,0,0,0,0,14,0,65,3248,3,45200,0,0,35,52734.28571428572,1845700,1890900,0,1291,54025
4314,0,42,40대,1,1,3,1,7,0,1,0,0,0,0,0,0,77,5897,3,0,35600,2170620,73,23835.616438356163,1740000,3910620,29734,0,53570
4315,1,37,30대,1,0,0,1,5,1,0,1,0,1,1,17,0,68,5880,3,0,49490,3465370,82,95071.9512195122,7795900,11261270,42260,0,137332
4319,0,59,50대,1,1,1,1,1,1,0,0,0,0,1,21,0,73,4741,3,0,15030,195720,25,76012.0,1900300,2096020,7828,0,83840
4331,1,47,40대,0,0,0,0,0,1,0,1,1,1,1,7,0,77,6421,3,0,43280,2815400,77,106129.87012987012,8172000,10987400,36563,0,142693
4354,0,63,60대,0,0,0,0,0,1,1,0,1,0,1,16,1,73,5585,3,0,52660,157860,3,57225.0,228900,386760,52620,0,128920
4362,0,42,40대,1,1,2,1,3,0,1,1,1,1,1,30,0,79,4986,3,0,5990,292900,61,70801.6393442623,4318900,4611800,4801,0,75603
4372,0,25,20대,0,0,0,0,0,1,2,0,0,0,1,26,1,75,4710,3,0,0,0,3,45925.0,183700,183700,0,0,61233
4389,0,29,20대,0,0,0,0,0,1,0,1,1,1,1,59,0,68,4081,3,0,42150,2825450,79,103670.88607594935,8190000,11015450,35765,0,139436
4399,1,61,60대,0,0,0,0,0,0,1,0,1,1,1,24,0,66,3371,3,0,23960,909880,50,81734.0,4086700,4996580,18197,0,99931
4411,0,27,20대,0,0,0,0,0,0,1,0,0,0,0,0,0,77,2710,3,0,46440,46440,13,23107.69230769231,300400,346840,3572,0,26680
4423,1,31,30대,0,0,0,0,0,0,0,1,1,0,1,9,0,76,3695,3,0,0,0,37,70940.54054054055,2624800,2624800,0,0,70940
4436,1,30,30대,1,1,1,1,4,1,0,1,0,0,1,69,0,75,5802,3,0,18190,510310,40,96675.0,3867000,4377310,12757,0,109432
4442,0,51,50대,1,0,0,1,1,1,0,0,1,1,1,16,1,80,3676,3,0,47800,239000,5,103066.66666666669,618400,857400,47800,0,171480
4469,0,57,50대,1,1,1,1,6,0,1,0,0,0,0,0,0,65,2891,3,0,52090,624550,24,24404.166666666668,585700,1210250,26022,0,50427
4475,0,57,50대,0,0,0,0,0,0,1,1,1,1,1,3,0,74,3091,3,0,32430,1460410,57,131464.91228070174,7493500,8953910,25621,0,157086
4502,0,38,30대,1,1,3,1,8,1,1,0,0,0,0,0,0,73,4497,3,0,28590,1516460,65,22924.615384615383,1490100,3006560,23330,0,46254
4505,0,59,50대,0,0,0,0,0,1,0,0,0,0,1,30,1,65,2578,3,0,9040,9040,1,125300.0,250600,259640,9040,0,259640
4507,0,68,60대,1,0,0,1,3,1,0,1,1,0,1,18,0,69,2631,3,0,23050,808400,47,110255.31914893616,5182000,5990400,17200,0,127455
4509,1,25,20대,1,0,0,1,1,0,0,0,0,0,0,0,1,78,4166,3,0,42830,2266890,53,24598.14814814815,1328300,3595190,42771,0,67833
4531,1,69,60대,0,0,0,0,0,1,0,0,0,0,1,24,1,76,4363,3,0,22710,22710,1,91200.0,182400,205110,22710,0,205110
4538,0,22,20대,0,0,0,0,0,1,1,1,1,0,1,85,0,66,3224,3,0,52320,1675340,44,109981.81818181818,4839200,6514540,38075,0,148057
4543,1,66,60대,1,0,0,1,5,1,0,0,1,0,1,19,0,70,5868,3,0,42710,641390,27,115992.5925925926,3131800,3773190,23755,0,139747
4551,1,63,60대,0,0,0,0,0,1,2,0,0,0,1,22,1,65,4879,3,0,54580,54580,1,48550.0,97100,151680,54580,0,151680
4565,0,68,60대,1,0,0,1,5,0,0,0,0,0,0,0,0,78,6421,3,0,21580,1319280,73,29600.0,2160800,3480080,18072,0,47672
4568,1,23,20대,0,0,0,1,5,1,1,1,0,0,0,59,0,76,4997,3,79100,14920,967390,77,122677.92207792208,9446200,10492690,12563,1027,136268
4573,1,64,60대,0,0,0,0,0,1,1,1,0,0,1,9,0,74,4459,3,0,12430,223180,30,73243.33333333333,2197300,2420480,7439,0,80682
4622,0,65,60대,0,0,0,0,0,0,1,1,0,0,0,20,1,68,3645,3,56500,41360,1942810,47,100885.41666666669,4842500,6841810,41336,1202,145570
4625,1,70,70대,0,0,0,0,0,0,0,0,0,0,1,20,1,65,4054,3,0,13900,69380,5,94650.0,567900,637280,13876,0,127456
4628,1,61,60대,1,1,1,1,1,1,0,0,0,1,1,12,1,65,4304,3,0,10280,144410,14,109293.33333333331,1639400,1783810,10315,0,127415
4630,1,46,40대,0,1,3,0,0,0,1,1,1,0,1,56,0,80,5964,3,0,14240,496750,47,65797.87234042553,3092500,3589250,10569,0,76367
4631,0,61,60대,0,0,0,0,0,0,1,0,1,0,1,20,0,80,5948,3,0,8590,153790,30,118696.66666666669,3560900,3714690,5126,0,123823
4633,0,60,60대,1,0,0,1,1,1,0,1,0,1,0,13,0,73,5356,3,45200,23960,1602790,79,71532.91139240506,5651100,7299090,20288,572,92393
4645,1,79,70대,0,0,0,0,0,1,0,0,0,0,1,27,1,76,5154,3,0,39210,1019150,26,105703.70370370372,2854000,3873150,39198,0,148967
4648,1,64,60대,1,0,0,1,6,1,0,0,0,1,1,8,0,72,4000,3,0,14690,630650,55,76707.27272727272,4218900,4849550,11466,0,88173
4659,1,20,20대,0,0,0,1,5,1,0,0,1,0,0,51,0,80,5016,3,33900,23170,1460070,75,113348.0,8501100,9995070,19467,452,133267
4666,1,38,30대,0,0,0,0,0,0,2,0,0,0,0,0,0,65,4258,3,0,45430,136280,15,23273.33333333333,349100,485380,9085,0,32358
4668,0,34,30대,0,0,0,0,0,0,0,0,1,0,1,30,0,66,4024,3,0,50510,252330,17,119035.29411764706,2023600,2275930,14842,0,133878
4674,1,50,50대,0,0,0,0,0,1,1,1,1,1,1,26,0,74,5554,3,0,35370,2231070,75,94813.33333333331,7111000,9342070,29747,0,124560
4700,1,20,20대,0,0,0,0,0,1,0,0,1,0,0,48,0,70,5007,3,101700,19320,232440,24,58666.66666666666,1408000,1742140,9685,4237,72589
4702,0,44,40대,0,0,0,0,0,0,0,1,1,0,1,2,0,67,5496,3,0,21360,1324130,74,106455.4054054054,7877700,9201830,17893,0,124349
4705,1,39,30대,0,0,0,0,0,1,0,0,0,1,1,28,1,68,4183,3,0,46560,2841950,61,124083.87096774194,7693200,10535150,46589,0,172707
4706,1,67,60대,0,0,0,0,0,0,0,0,0,0,0,0,0,77,3288,3,0,2260,13790,18,22127.777777777777,398300,412090,766,0,22893
4711,0,53,50대,1,0,0,1,1,1,0,0,1,1,1,25,0,70,5800,3,0,16270,913150,68,126741.17647058824,8618400,9531550,13428,0,140169
4719,1,46,40대,1,0,0,1,5,0,1,1,1,1,1,13,0,66,3213,3,0,45430,1226840,39,76702.56410256411,2991400,4218240,31457,0,108160
4721,1,54,50대,0,0,0,0,0,1,1,0,0,0,1,16,0,77,4521,3,0,17290,259000,27,109862.96296296296,2966300,3225300,9592,0,119455
4726,1,26,20대,0,0,0,0,0,1,0,0,0,1,1,52,0,67,4825,3,0,13330,717550,66,113409.09090909093,7485000,8202550,10871,0,124281
4762,1,57,50대,1,1,3,1,1,1,1,1,1,0,1,53,0,79,4275,3,0,34350,1649460,60,125320.0,7519200,9168660,27491,0,152811
4787,1,80,80대,0,0,0,0,0,1,0,1,1,0,1,5,0,70,5170,3,0,28930,1704720,71,106116.9014084507,7534300,9239020,24010,0,130127
4796,1,79,70대,1,0,0,1,1,0,1,0,0,0,0,0,0,70,5295,3,0,21470,1139720,65,29426.153846153848,1912700,3052420,17534,0,46960
4814,0,71,70대,1,0,0,1,1,1,0,0,0,0,0,3,1,75,4876,3,22600,54920,2527250,46,97265.9574468085,4571500,7121350,54940,491,154811
4819,1,39,30대,0,0,0,0,0,1,0,0,1,0,1,4,0,80,5167,3,0,25200,1388430,67,96843.28358208956,6488500,7876930,20722,0,117566
4836,0,56,50대,0,0,0,0,0,0,0,0,1,0,1,27,0,79,6148,3,0,51420,2517080,61,115878.68852459016,7068600,9585680,41263,0,157142
4848,0,53,50대,0,0,0,0,0,1,0,0,1,0,1,9,1,77,4539,3,0,24860,148930,6,97671.42857142857,683700,832630,24821,0,138771
4862,0,45,40대,1,1,2,1,1,1,0,1,1,0,1,13,0,72,4964,3,0,25650,1438940,68,71186.76470588235,4840700,6279640,21160,0,92347
4866,1,77,70대,0,0,0,0,0,1,0,0,0,0,1,18,1,72,4193,3,0,21810,43510,2,111433.33333333331,334300,377810,21755,0,188905
4867,0,62,60대,0,0,0,0,0,1,0,0,1,1,1,15,0,66,5549,3,0,51080,2095020,53,104590.56603773584,5543300,7638320,39528,0,144119
4874,0,36,30대,1,0,0,1,2,1,0,1,0,1,1,8,0,77,5436,3,0,11530,277420,36,104775.0,3771900,4049320,7706,0,112481
4925,0,28,20대,0,0,0,0,0,0,0,0,0,0,1,42,0,68,5451,3,0,32880,854050,38,54507.89473684211,2071300,2925350,22475,0,76982
4941,0,28,20대,1,0,0,1,9,1,0,1,1,0,1,59,0,74,2319,3,0,25310,1212830,60,131285.0,7877100,9089930,20213,0,151498
4954,0,32,30대,0,0,0,0,0,0,0,1,0,1,1,17,0,76,3415,3,0,8700,86450,22,74495.45454545454,1638900,1725350,3929,0,78425
4955,1,62,60대,0,1,2,0,0,1,0,0,1,0,1,18,0,72,5913,3,0,19210,229960,24,126212.5,3029100,3259060,9581,0,135794
4967,0,64,60대,1,1,2,1,6,1,1,0,0,1,1,11,0,67,3571,3,0,40910,898690,34,91523.5294117647,3111800,4010490,26432,0,117955
4969,0,31,30대,0,0,0,0,0,1,1,0,0,0,0,0,0,75,4260,3,0,5310,357310,79,23068.354430379743,1822400,2179710,4522,0,27591
4971,0,52,50대,1,1,1,1,7,0,0,1,1,1,1,26,0,79,5504,3,0,18080,1298480,84,81086.90476190476,6811300,8109780,15458,0,96545
4972,1,66,60대,1,0,0,1,4,0,0,1,0,0,1,22,0,69,6072,3,0,36610,2633580,84,93294.04761904762,7836700,10470280,31352,0,124646
4976,0,60,60대,0,0,0,0,0,0,1,1,0,0,1,3,0,77,4520,3,0,17970,377080,33,123045.45454545454,4060500,4437580,11426,0,134472
5001,1,34,30대,1,0,0,1,9,0,0,1,0,1,1,21,0,74,5409,3,0,0,0,55,40254.545454545456,2214000,2214000,0,0,40254
5003,1,78,70대,0,0,0,0,0,0,0,0,0,0,1,27,1,68,5546,3,0,49720,397530,8,121222.22222222222,1091000,1488530,49691,0,186066
5008,0,53,50대,0,0,0,0,0,0,0,1,0,1,0,25,0,66,2426,3,169500,7010,224190,44,102336.36363636365,4502800,4896490,5095,3852,111283
5032,0,31,30대,0,0,0,0,0,0,0,0,1,0,1,13,0,79,5137,3,0,14010,391090,40,118555.0,4742200,5133290,9777,0,128332
5037,1,40,40대,0,0,0,0,0,1,0,1,0,1,1,8,0,75,5479,3,0,6780,149160,34,103779.41176470587,3528500,3677660,4387,0,108166
5042,0,37,30대,1,0,0,1,10,0,1,1,0,0,0,4,0,79,2929,3,101700,48930,2200340,57,62682.45614035088,3572900,5874940,38602,1784,103069
5044,0,40,40대,0,0,0,0,0,1,0,0,0,0,0,0,0,80,3075,3,0,15710,15710,13,21161.53846153846,275100,290810,1208,0,22370
5059,0,29,20대,0,0,0,0,0,0,0,0,0,1,0,41,0,80,5985,3,135600,50170,652690,25,120320.0,3008000,3796290,26107,5424,151851
5069,1,37,30대,0,0,0,0,0,1,0,1,1,1,1,19,0,77,3424,3,0,0,0,51,46445.098039215685,2368700,2368700,0,0,46445
5072,1,25,20대,0,0,0,0,0,1,0,0,1,0,1,51,1,73,5090,3,0,1700,8480,5,105583.33333333331,633500,641980,1696,0,128396
5083,1,43,40대,0,0,0,0,0,0,1,1,1,1,1,23,0,79,3474,3,0,0,0,18,61572.22222222222,1108300,1108300,0,0,61572
5104,1,57,50대,0,0,0,0,0,1,0,0,0,0,1,10,0,75,4840,3,0,38190,76280,14,79178.57142857143,1108500,1184780,5448,0,84627
5106,0,45,40대,0,0,0,0,0,1,1,1,1,1,1,20,0,68,4481,3,0,0,0,32,64121.875,2051900,2051900,0,0,64121
5111,1,56,50대,1,1,3,1,8,0,1,1,1,1,1,27,0,65,6063,3,0,25540,1840320,84,78325.0,6579300,8419620,21908,0,100233
5118,1,23,20대,0,0,0,1,3,0,1,1,1,1,1,69,0,66,5762,3,0,50740,3654650,84,106064.28571428572,8909400,12564050,43507,0,149572
5120,1,80,80대,0,0,0,0,0,1,0,0,0,0,1,5,1,72,5345,3,0,32320,32320,1,95500.0,191000,223320,32320,0,223320
5128,0,41,40대,0,0,0,0,0,1,0,0,0,1,1,3,0,66,5017,3,0,34800,313240,21,110661.90476190476,2323900,2637140,14916,0,125578
5146,1,44,40대,1,0,0,1,1,0,0,0,0,0,0,0,0,76,4747,3,0,53340,3843470,84,23535.714285714286,1977000,5820470,45755,0,69291
5156,0,65,60대,0,0,0,0,0,1,0,0,0,0,1,11,1,73,4287,3,0,21360,1068980,50,112643.13725490196,5744800,6813780,21379,0,136275
5164,1,74,70대,1,1,1,1,1,1,1,0,1,0,1,17,1,69,5302,3,0,55260,441600,8,94077.77777777778,846700,1288300,55200,0,161037
5166,1,21,20대,0,1,1,0,0,0,1,0,1,0,1,27,0,72,4057,3,0,21020,42040,14,64007.142857142855,896100,938140,3002,0,67010
5240,1,62,60대,0,0,0,0,0,1,0,0,0,0,0,0,0,79,5250,3,0,40450,1091350,39,24428.20512820513,952700,2044050,27983,0,52411
5246,1,54,50대,0,0,0,0,0,0,1,0,0,0,0,0,0,66,3948,3,0,34800,1671720,60,29075.0,1744500,3416220,27862,0,56937
5251,0,27,20대,0,1,1,0,0,1,1,0,0,0,1,59,1,78,2010,3,0,16950,202840,12,85207.69230769231,1107700,1310540,16903,0,109211
5252,1,35,30대,0,0,0,0,0,1,0,1,1,1,1,10,0,67,2539,3,0,0,0,43,59172.09302325582,2544400,2544400,0,0,59172
5256,0,62,60대,0,1,1,0,0,1,1,0,0,0,0,0,0,66,4889,3,0,19890,1230230,74,28520.27027027027,2110500,3340730,16624,0,45145
5259,0,48,40대,0,0,0,0,0,1,0,0,0,0,0,0,0,73,2723,3,0,9040,134920,27,31977.777777777777,863400,998320,4997,0,36974
5263,1,23,20대,0,0,0,1,1,0,0,0,0,0,1,51,1,70,5482,3,0,0,0,2,51533.333333333336,154600,154600,0,0,77300
5268,0,71,70대,1,0,0,1,8,1,0,1,1,1,1,30,0,70,6500,3,0,35820,2004730,68,100504.41176470587,6834300,8839030,29481,0,129985
5272,1,48,40대,0,0,0,0,0,1,0,0,0,0,1,4,1,76,2291,3,0,17630,193910,11,88525.0,1062300,1256210,17628,0,114200
5278,0,50,50대,1,0,0,1,1,1,0,1,1,1,1,22,0,68,4012,3,0,55710,3174740,69,71436.23188405797,4929100,8103840,46010,0,117446
5289,0,21,20대,0,1,1,0,0,0,1,0,0,1,1,85,0,71,3124,3,0,16610,648730,51,117709.80392156864,6003200,6651930,12720,0,130430
5291,1,48,40대,1,1,4,1,1,1,0,0,0,0,0,0,0,79,5646,3,0,47350,2558550,66,24093.939393939392,1590200,4148750,38765,0,62859
5297,0,49,40대,0,0,0,0,0,1,1,0,0,1,1,2,0,78,4446,3,0,48700,925580,31,103103.2258064516,3196200,4121780,29857,0,132960
5311,1,76,70대,0,0,0,0,0,0,0,0,0,0,0,6,1,77,4145,3,11300,34010,102150,3,50800.0,203200,316650,34050,3766,105550
5321,0,75,70대,0,0,0,0,0,1,0,0,0,0,1,11,0,72,4368,3,0,47690,2479110,64,85439.0625,5468100,7947210,38736,0,124175
5333,0,21,20대,0,0,0,1,3,0,0,1,1,1,1,48,0,72,4413,3,0,14350,876770,73,99765.75342465754,7282900,8159670,12010,0,111776
5339,1,42,40대,0,0,0,0,0,0,1,0,0,0,0,0,0,73,4639,3,0,26780,26780,13,26223.07692307692,340900,367680,2060,0,28283
5370,0,37,30대,0,0,0,0,0,1,0,0,0,0,1,9,1,68,2928,3,0,31980,31980,1,57600.0,115200,147180,31980,0,147180
5373,0,53,50대,0,0,0,0,0,1,0,0,1,0,1,30,1,65,5387,3,0,10510,324760,31,122512.5,3920400,4245160,10476,0,136940
5386,1,77,70대,1,0,0,1,1,1,1,1,1,1,1,29,0,76,5274,3,0,38190,2326440,73,110790.4109589041,8087700,10414140,31869,0,142659
5388,0,37,30대,0,0,0,0,0,1,1,1,0,0,1,20,0,80,2250,3,0,51750,51750,13,56569.230769230766,735400,787150,3980,0,60550
5389,0,53,50대,0,0,0,0,0,0,0,1,0,1,1,10,0,66,4307,3,0,0,0,57,48803.508771929824,2781800,2781800,0,0,48803
5391,1,52,50대,0,0,0,0,0,1,0,0,0,1,1,29,0,69,5351,3,0,41810,585450,26,83480.76923076923,2170500,2755950,22517,0,105998
5414,1,27,20대,0,0,0,0,0,1,0,0,0,0,1,71,1,77,3326,3,0,27570,496300,18,97910.52631578948,1860300,2356600,27572,0,130922
5419,0,24,20대,0,0,0,0,0,1,1,0,0,0,1,41,1,76,2667,3,0,56270,112550,2,57566.66666666666,172700,285250,56275,0,142625
5429,0,46,40대,0,0,0,0,0,0,0,1,1,0,1,17,1,77,2195,3,0,55820,1228880,22,69626.08695652174,1601400,2830280,55858,0,128649
5430,1,31,30대,0,1,1,0,0,1,0,0,0,0,0,0,1,66,2843,3,0,33670,67350,2,22933.33333333333,68800,136150,33675,0,68075
5433,0,71,70대,1,0,0,1,1,1,0,0,1,1,1,20,0,66,2535,3,0,2710,121020,57,116275.43859649122,6627700,6748720,2123,0,118398
5435,0,25,20대,1,0,0,1,1,0,1,1,1,0,1,48,0,74,6330,3,0,36950,2657990,84,76121.42857142857,6394200,9052190,31642,0,107764
5462,0,76,70대,0,0,0,0,0,1,0,0,0,0,0,16,0,65,5514,3,11300,5880,328380,68,119367.64705882352,8117000,8456680,4829,166,124362
5473,1,51,50대,1,1,2,1,9,0,1,1,1,1,1,11,0,77,3111,3,0,11530,519240,57,94796.49122807015,5403400,5922640,9109,0,103905
5480,0,28,20대,0,0,0,0,0,1,0,0,0,1,1,73,1,72,3916,3,0,37060,111080,3,113875.0,455500,566580,37026,0,188860
5485,0,47,40대,0,0,0,0,0,0,0,0,0,0,0,0,0,71,3967,3,0,19440,680260,47,25176.59574468085,1183300,1863560,14473,0,39650
5487,1,21,20대,0,0,0,1,1,1,1,0,0,0,0,0,1,77,5194,3,0,39890,1316680,33,29558.82352941177,1005000,2321680,39899,0,70353
5504,1,20,20대,0,1,1,0,0,1,1,1,0,1,1,51,0,74,6204,3,0,30620,2020330,78,107576.92307692308,8391000,10411330,25901,0,133478
5511,1,42,40대,1,1,3,1,5,0,1,0,0,0,0,0,0,67,5192,3,0,20570,1481540,84,28870.23809523809,2425100,3906640,17637,0,46507
5542,1,72,70대,1,0,0,1,7,1,0,0,0,1,0,29,0,66,6035,3,135600,31190,1744040,68,90322.0588235294,6141900,8021540,25647,1994,117963
5550,1,60,60대,0,0,0,0,0,1,0,0,0,1,1,10,0,76,4430,3,0,40570,243290,18,106638.88888888888,1919500,2162790,13516,0,120155
5565,1,62,60대,1,0,0,1,1,0,0,0,0,0,0,0,1,67,5579,3,0,35820,214930,6,21771.42857142857,152400,367330,35821,0,61221
5577,1,28,20대,0,0,0,0,0,1,0,0,0,0,1,53,1,79,3104,3,0,0,0,13,42614.28571428572,596600,596600,0,0,45892
5584,0,58,50대,0,0,0,0,0,0,1,0,0,0,0,0,0,80,5039,3,0,17740,177520,22,23050.0,507100,684620,8069,0,31119
5587,1,59,50대,0,0,0,0,0,1,1,1,0,0,1,18,0,78,2655,3,0,7570,228490,42,94147.61904761904,3954200,4182690,5440,0,99587
5591,1,21,20대,0,0,0,1,3,0,1,1,1,1,1,51,0,71,6193,3,0,48250,2990210,74,134122.97297297296,9925100,12915310,40408,0,174531
5595,0,39,30대,1,0,0,1,7,0,1,0,0,0,1,10,0,71,6432,3,0,6440,372900,70,115287.14285714286,8070100,8443000,5327,0,120614
5636,1,55,50대,1,0,0,1,1,1,1,0,0,0,1,29,1,74,2325,3,0,20000,480820,24,89172.0,2229300,2710120,20034,0,112921
5646,1,48,40대,0,1,2,0,0,1,0,0,0,0,1,18,1,70,5674,3,0,31190,342730,11,118208.33333333331,1418500,1761230,31157,0,160111
5650,1,30,30대,1,0,0,1,7,1,1,1,1,1,1,59,0,71,5072,3,0,29950,2093780,82,111664.63414634146,9156500,11250280,25533,0,137198
5669,0,47,40대,1,0,0,1,6,0,0,1,0,1,1,12,0,73,5350,3,0,39660,2815280,83,97783.13253012048,8116000,10931280,33919,0,131702
5673,0,78,70대,1,0,0,1,1,1,0,1,1,1,1,24,0,68,4886,3,0,0,0,84,74846.42857142857,6287100,6287100,0,0,74846
5675,0,51,50대,0,0,0,0,0,1,0,0,1,0,1,16,1,66,3099,3,0,0,0,22,52034.782608695656,1196800,1196800,0,0,54400
5680,1,20,20대,0,0,0,1,1,1,1,0,0,0,0,41,0,80,2640,3,56500,50960,1121190,34,93900.0,3192600,4370290,32976,1661,128537
5689,0,27,20대,1,0,0,1,4,0,1,1,1,0,1,30,0,79,4355,3,0,28590,1001410,47,71065.9574468085,3340100,4341510,21306,0,92372
5692,1,35,30대,0,0,0,0,0,1,1,1,1,0,1,9,0,79,4472,3,0,28480,769190,39,66941.02564102564,2610700,3379890,19722,0,86663
5696,0,30,30대,1,0,0,1,5,0,0,1,1,0,1,48,0,67,5519,3,0,15590,998020,76,105350.0,8006600,9004620,13131,0,118481
5701,1,58,50대,1,1,2,1,9,1,0,1,0,0,1,16,0,80,5979,3,0,9490,625680,78,70150.0,5471700,6097380,8021,0,78171
5704,1,21,20대,0,0,0,1,1,0,1,0,0,0,0,0,0,78,4067,3,0,15030,1079600,84,28960.714285714286,2432700,3512300,12852,0,41813
5709,1,66,60대,0,0,0,0,0,1,0,0,0,0,1,14,1,80,2688,3,0,36270,580590,16,114117.64705882352,1940000,2520590,36286,0,157536
5710,0,24,20대,0,0,0,0,0,0,1,0,0,0,0,0,0,78,2842,3,0,38420,653480,29,23875.86206896552,692400,1345880,22533,0,46409
5717,1,70,70대,1,0,0,1,1,1,0,1,1,1,1,11,0,77,4734,3,0,4630,275270,72,135266.66666666666,9739200,10014470,3823,0,139089
5719,0,66,60대,0,0,0,0,0,1,1,0,0,0,1,6,1,77,5573,3,0,0,0,2,28400.0,85200,85200,0,0,42600
5743,1,24,20대,0,0,0,1,5,1,0,1,0,0,1,82,0,69,5420,3,0,1580,102940,79,88559.49367088608,6996200,7099140,1303,0,89862
5749,1,45,40대,0,0,0,0,0,0,1,1,0,1,1,22,0,74,6251,3,0,0,0,77,70692.20779220779,5443300,5443300,0,0,70692
5761,1,68,60대,1,0,0,1,10,0,0,1,1,1,1,13,0,71,4032,3,0,17850,1287070,84,92065.47619047618,7733500,9020570,15322,0,107387
5767,1,25,20대,1,0,0,1,4,0,1,0,0,0,0,0,0,78,5113,3,0,16720,1068870,76,22688.157894736843,1724300,2793170,14064,0,36752
5793,0,22,20대,0,0,0,1,2,1,0,0,0,0,0,52,1,72,2568,3,22600,26100,887160,34,115825.71428571428,4053900,4963660,26092,664,145990
5794,1,45,40대,0,0,0,0,0,1,0,1,0,1,1,22,0,78,4520,3,0,9610,689980,84,98988.09523809524,8315000,9004980,8214,0,107202
5817,1,76,70대,1,1,3,1,8,1,0,0,0,1,1,27,0,75,5669,3,0,1810,116050,77,124300.0,9571100,9687150,1507,0,125807
5832,1,56,50대,0,0,0,0,0,0,1,0,0,0,1,16,0,65,4909,3,0,12320,98650,20,51995.0,1039900,1138550,4932,0,56927
5846,1,30,30대,0,0,0,0,0,1,0,0,1,1,1,69,1,70,4584,3,0,11410,57180,5,106850.0,641100,698280,11436,0,139656
5847,1,71,70대,0,0,0,0,0,1,1,0,0,0,1,11,1,74,3368,3,0,34010,169840,5,80866.66666666667,485200,655040,33968,0,131008
5866,0,21,20대,0,0,0,0,0,1,0,1,0,0,1,73,0,65,4842,3,0,40790,2484980,73,124058.90410958904,9056300,11541280,34040,0,158099
5873,0,21,20대,0,0,0,1,4,0,0,0,0,1,1,69,0,72,5956,3,0,8700,572010,78,75520.51282051283,5890600,6462610,7333,0,82853
5875,1,79,70대,1,1,3,1,6,1,0,1,0,1,1,75,0,71,3847,3,0,15140,726820,60,124181.66666666669,7450900,8177720,12113,0,136295
5898,0,24,20대,0,0,0,1,1,0,1,1,1,1,1,41,0,78,5669,3,0,1810,128930,82,76181.70731707317,6246900,6375830,1572,0,77754
5913,0,55,50대,1,1,3,1,8,1,0,0,0,0,0,0,0,71,2219,3,0,49830,598220,24,30029.166666666668,720700,1318920,24925,0,54955
5923,0,51,50대,1,0,0,1,2,1,0,0,1,0,1,15,1,72,4734,3,0,3390,81360,24,121100.0,3027500,3108860,3390,0,129535
5925,0,48,40대,0,1,3,0,0,1,1,0,0,0,0,0,0,79,4262,3,0,25430,1421880,68,29369.117647058825,1997100,3418980,20910,0,50279
5928,1,79,70대,1,0,0,1,6,1,1,1,1,1,1,16,0,68,5098,3,0,16720,1200060,84,137955.95238095237,11588300,12788360,14286,0,152242
5934,0,52,50대,0,0,0,0,0,1,0,0,1,1,1,3,1,71,6350,3,0,23050,1593750,69,123511.42857142857,8645800,10239550,23097,0,148399
5947,0,27,20대,0,0,0,0,0,1,0,0,0,0,1,48,1,71,4207,3,0,0,0,4,36840.0,184200,184200,0,0,46050
5948,1,68,60대,0,0,0,0,0,1,0,0,0,1,0,17,1,78,5507,3,124300,38870,2331640,60,122967.2131147541,7501000,9956940,38860,2071,165949
5958,1,23,20대,0,0,0,1,7,1,1,1,1,1,1,59,0,77,3570,3,0,45770,1649120,48,108641.66666666669,5214800,6863920,34356,0,142998
5966,0,35,30대,0,0,0,0,0,1,0,1,1,1,0,9,0,80,5198,3,56500,9040,262160,41,68031.70731707317,2789300,3107960,6394,1378,75803
5967,0,20,20대,0,0,0,1,5,1,2,0,0,0,0,0,0,72,4667,3,0,27800,807500,41,24107.31707317073,988400,1795900,19695,0,43802
5981,1,67,60대,1,0,0,1,6,0,1,1,1,0,1,19,0,69,4148,3,0,39100,2693920,81,104481.48148148147,8463000,11156920,33258,0,137739
5987,1,24,20대,0,0,0,0,0,1,1,0,0,0,1,73,0,80,3154,3,0,22370,89720,16,94418.75,1510700,1600420,5607,0,100026
5996,0,60,60대,1,1,2,1,8,0,1,0,0,0,0,0,0,68,4937,3,0,33450,1909140,69,24853.6231884058,1714900,3624040,27668,0,52522
5997,0,51,50대,0,0,0,0,0,0,1,0,0,0,0,25,0,68,5658,3,113000,0,0,49,43375.51020408164,2125400,2238400,0,2306,45681
5998,0,45,40대,0,0,0,0,0,1,0,0,0,1,1,6,0,78,3277,3,0,1240,50060,53,86933.96226415095,4607500,4657560,944,0,87878
6015,1,29,20대,1,0,0,1,7,0,0,0,0,0,0,0,0,71,5076,3,0,55030,3574080,77,22692.20779220779,1747300,5321380,46416,0,69108
6019,0,38,30대,1,0,0,1,1,0,1,0,0,0,0,0,0,71,6251,3,0,15480,1116210,84,28976.19047619048,2434000,3550210,13288,0,42264
6022,0,70,70대,1,0,0,1,7,1,0,1,1,1,1,10,0,66,4322,3,0,41360,2936420,83,108522.89156626504,9007400,11943820,35378,0,143901
6024,1,61,60대,0,0,0,0,0,1,0,0,0,0,1,27,1,69,2085,3,0,31190,124640,4,92900.0,464500,589140,31160,0,147285
6033,1,44,40대,1,0,0,1,2,1,1,1,0,0,1,16,0,79,4572,3,0,1580,101810,75,117201.33333333331,8790100,8891910,1357,0,118558
6040,1,28,20대,0,0,0,0,0,1,0,1,0,0,1,73,0,66,5770,3,0,14800,132780,21,86628.57142857143,1819200,1951980,6322,0,92951
6054,1,23,20대,0,0,0,1,1,0,1,1,0,1,1,41,0,72,2985,3,0,26780,214020,20,81000.0,1620000,1834020,10701,0,91701
6069,1,65,60대,0,0,0,0,0,1,0,0,1,0,1,30,0,76,4103,3,0,46560,2139990,58,123975.86206896552,7190600,9330590,36896,0,160872
6094,0,21,20대,0,0,0,0,0,0,1,0,0,0,0,0,0,71,2507,3,0,16390,539910,45,24095.555555555555,1084300,1624210,11998,0,36093
6099,0,33,30대,0,0,0,0,0,1,0,0,1,0,0,13,1,72,2464,3,90400,34470,964340,28,124544.8275862069,3611800,4666540,34440,3228,166662
6100,1,51,50대,0,0,0,0,0,1,0,1,1,1,1,4,0,78,5213,3,0,50060,3204450,76,134609.2105263158,10230300,13434750,42163,0,176773
6122,0,41,40대,0,0,0,0,0,0,1,0,0,1,1,14,0,76,3752,3,0,0,0,51,42890.19607843137,2187400,2187400,0,0,42890
6127,0,22,20대,0,1,1,0,0,1,0,0,0,0,1,59,0,67,4594,3,0,49610,99330,14,62414.28571428572,873800,973130,7095,0,69509
6130,0,36,30대,0,0,0,0,0,1,0,1,1,1,1,9,0,75,4369,3,0,0,0,84,76579.76190476191,6432700,6432700,0,0,76579
6134,0,72,70대,1,0,0,1,2,0,1,0,0,0,1,8,0,72,3583,3,0,14690,498670,46,85180.43478260869,3918300,4416970,10840,0,96021
6157,1,45,40대,1,0,0,1,2,1,0,1,1,0,1,14,0,65,2719,3,0,11190,456410,53,125979.24528301888,6676900,7133310,8611,0,134590
6178,1,58,50대,0,0,0,0,0,1,0,1,1,1,1,21,0,73,4296,3,0,20230,1436120,83,139746.98795180724,11599000,13035120,17302,0,157049
6181,1,46,40대,0,0,0,0,0,1,1,1,1,1,1,7,0,68,5059,3,0,15710,1084570,81,78098.76543209876,6326000,7410570,13389,0,91488
6199,0,59,50대,0,0,0,0,0,1,1,0,0,0,0,0,1,78,5403,3,0,56160,505900,9,22050.0,220500,726400,56211,0,80711
6211,0,49,40대,0,0,0,0,0,1,1,0,0,0,0,0,0,68,4905,3,0,18420,55370,15,24286.666666666668,364300,419670,3691,0,27978
6213,0,49,40대,0,0,0,0,0,0,0,0,0,0,0,0,0,75,5876,3,0,20230,708740,47,24161.702127659573,1135600,1844340,15079,0,39241
6250,0,70,70대,1,0,0,1,1,1,0,0,1,0,1,29,1,79,6284,3,0,53340,3624590,68,123162.31884057973,8498200,12122790,53302,0,178276
6254,1,64,60대,0,0,0,0,0,1,0,0,1,0,0,28,0,65,2565,3,0,36270,543640,27,121755.55555555556,3287400,3831040,20134,0,141890
6267,1,46,40대,0,0,0,0,0,1,1,1,0,1,1,22,0,80,4631,3,0,29040,2006200,81,97758.02469135802,7918400,9924600,24767,0,122525
6269,1,27,20대,1,0,0,1,6,1,0,0,1,0,1,42,0,67,5427,3,0,56390,2705450,60,77965.0,4677900,7383350,45090,0,123055
6270,0,22,20대,0,0,0,1,8,0,1,1,1,1,1,59,0,77,4237,3,0,3050,222160,84,95042.85714285714,7983600,8205760,2644,0,97687
6273,0,36,30대,0,0,0,0,0,1,2,0,0,0,1,17,1,72,3571,3,0,11750,11750,1,54450.0,108900,120650,11750,0,120650
6283,0,51,50대,0,0,0,0,0,0,1,1,0,0,1,13,0,74,5311,3,0,30850,1573300,63,102652.38095238096,6467100,8040400,24973,0,127625
6285,0,41,40대,1,0,0,1,10,1,1,1,1,1,1,7,0,70,5345,3,0,54690,3771380,81,98906.17283950618,8011400,11782780,46560,0,145466
6286,0,44,40대,0,0,0,0,0,1,2,0,0,0,1,2,1,65,2121,3,0,0,0,1,29900.0,59800,59800,0,0,59800
6288,1,33,30대,1,1,3,1,1,1,0,1,0,1,0,56,0,80,5447,3,169500,29490,1031920,47,129112.7659574468,6068300,7269720,21955,3606,154674
6295,1,29,20대,1,1,3,1,7,0,0,1,0,1,1,85,0,80,2200,3,0,30960,742300,36,65388.88888888889,2354000,3096300,20619,0,86008
6326,0,42,40대,0,0,0,0,0,0,0,1,0,1,1,2,0,76,5827,3,0,39550,1739180,56,77055.35714285714,4315100,6054280,31056,0,108112
6329,1,56,50대,1,1,2,1,10,0,1,1,0,1,1,19,0,80,5266,3,0,44180,3046250,81,72437.03703703704,5867400,8913650,37608,0,110045
6330,1,67,60대,1,0,0,1,5,0,1,0,0,1,1,4,0,73,4291,3,0,37520,2064060,67,104494.02985074629,7001100,9065160,30806,0,135300
6332,1,49,40대,0,0,0,0,0,0,0,0,0,0,1,6,1,77,5764,3,0,20680,20680,1,111800.0,223600,244280,20680,0,244280
6339,1,65,60대,0,0,0,0,0,1,0,0,0,0,1,18,1,72,5301,3,0,41700,166900,4,91460.0,457300,624200,41725,0,156050
6343,1,25,20대,1,0,0,1,6,1,1,1,1,1,1,47,0,79,6469,3,0,28140,2021800,84,132967.85714285713,11169300,13191100,24069,0,157036
6355,1,40,40대,0,0,0,0,0,0,0,0,0,0,0,0,0,72,4188,3,0,55260,608050,23,24339.130434782608,559800,1167850,26436,0,50776
6361,0,23,20대,0,0,0,0,0,0,1,0,0,0,1,85,0,78,3963,3,0,4860,48480,22,80186.36363636363,1764100,1812580,2203,0,82390
6386,1,46,40대,1,1,3,1,1,1,0,0,0,0,1,53,0,80,2452,3,0,30060,420470,26,99442.30769230767,2585500,3005970,16171,0,115614
6388,1,74,70대,0,0,0,0,0,1,0,0,0,0,0,23,1,77,4038,3,11300,44750,89610,2,90500.0,271500,372410,44805,5650,186205
6389,1,55,50대,1,0,0,0,0,1,1,1,0,1,1,27,0,69,3795,3,0,22600,610770,39,119358.97435897436,4655000,5265770,15660,0,135019
6394,1,23,20대,0,0,0,1,3,0,0,0,0,0,1,48,0,80,5729,3,0,34130,204530,18,65105.55555555556,1171900,1376430,11362,0,76468
6404,0,37,30대,1,0,0,1,6,1,1,1,0,1,1,14,0,67,4938,3,0,52210,3755560,84,130370.23809523808,10951100,14706660,44709,0,175079
6412,0,60,60대,0,0,0,0,0,1,0,0,0,0,0,14,0,69,3192,3,124300,34350,825010,36,109986.11111111112,3959500,4908810,22916,3452,136355
6414,1,63,60대,0,1,1,0,0,1,1,1,0,1,1,10,0,79,5056,3,0,22710,909880,52,73753.84615384616,3835200,4745080,17497,0,91251
6417,0,71,70대,1,0,0,0,0,1,0,0,0,0,1,16,0,65,2534,3,0,34470,930220,39,81948.71794871795,3196000,4126220,23851,0,105800
6424,0,80,80대,1,0,0,1,1,1,0,0,1,1,1,4,0,65,5600,3,0,0,0,45,58955.55555555556,2653000,2653000,0,0,58955
6433,1,47,40대,1,1,2,1,1,0,1,0,0,0,1,16,0,73,3850,3,0,1580,7800,17,82511.76470588235,1402700,1410500,458,0,82970
6450,1,31,30대,0,0,0,0,0,1,0,1,0,1,0,28,0,74,3533,3,45200,0,0,52,63148.07692307692,3283700,3328900,0,869,64017
6459,0,53,50대,1,1,3,1,9,0,2,0,0,0,0,0,0,65,4406,3,0,3050,27230,21,22357.14285714286,469500,496730,1296,0,23653
6463,1,43,40대,0,0,0,0,0,1,1,1,0,1,1,21,0,75,3262,3,0,21470,1032710,60,121055.0,7263300,8296010,17211,0,138266
6481,0,56,50대,1,0,0,1,4,1,0,0,0,1,0,22,0,76,3347,3,169500,7910,292220,49,106810.20408163263,5233700,5695420,5963,3459,116233
6487,0,50,50대,1,0,0,1,8,1,0,0,1,1,1,3,0,75,4068,3,0,30740,2179090,83,134163.85542168675,11135600,13314690,26254,0,160417
6488,0,28,20대,1,0,0,1,10,1,1,1,1,0,1,46,0,70,5715,3,0,27230,1904730,82,93184.14634146342,7641100,9545830,23228,0,116412
6495,1,35,30대,1,1,1,1,5,1,0,1,1,1,1,14,0,78,4390,3,0,36840,2651550,84,92867.85714285714,7800900,10452450,31566,0,124433
6509,1,52,50대,1,1,2,1,3,1,0,1,1,1,1,20,0,74,4666,3,0,45770,2790310,73,92105.4794520548,6723700,9514010,38223,0,130328
6522,1,27,20대,1,0,0,1,2,1,1,0,0,0,0,0,0,71,4907,3,0,11750,117750,22,23386.36363636364,514500,632250,5352,0,28738
6523,0,52,50대,1,0,0,1,6,0,1,0,0,0,1,28,1,68,4643,3,0,1700,30740,18,113921.05263157896,2164500,2195240,1707,0,121957
6536,1,44,40대,0,0,0,0,0,1,0,0,0,0,0,0,0,79,4904,3,0,56390,2027900,48,22789.58333333333,1093900,3121800,42247,0,65037
6537,0,28,20대,0,0,0,0,0,1,1,0,0,0,0,0,0,79,2194,3,0,35600,926370,38,23818.42105263158,905100,1831470,24378,0,48196
6550,0,57,50대,1,0,0,1,8,1,1,1,0,0,1,18,0,80,5413,3,0,23390,186900,20,85105.0,1702100,1889000,9345,0,94450
6560,0,40,40대,1,0,0,1,10,1,2,1,1,0,1,30,0,74,5420,3,0,19660,1280290,77,82972.72727272728,6388900,7669190,16627,0,99599
6579,0,29,20대,0,0,0,0,0,1,1,0,0,0,0,0,0,71,5240,3,0,7120,346570,61,23621.311475409835,1440900,1787470,5681,0,29302
6582,0,43,40대,1,0,0,1,6,0,1,1,0,0,1,28,0,74,2322,3,0,10510,387140,49,94257.14285714286,4618600,5005740,7900,0,102157
6585,0,33,30대,1,0,0,1,1,1,1,0,0,0,1,22,1,68,4095,3,0,11870,355950,30,111319.35483870968,3450900,3806850,11865,0,126895
6586,1,48,40대,1,0,0,1,1,1,0,0,0,1,1,10,1,66,3642,3,0,10060,251760,25,123073.07692307692,3199900,3451660,10070,0,138066
6618,1,49,40대,1,1,3,1,2,1,0,0,1,1,1,22,0,76,4264,3,0,21700,64980,15,103053.33333333331,1545800,1610780,4332,0,107385
6624,1,22,20대,0,0,0,1,9,1,1,0,0,0,0,0,0,78,5231,3,0,49380,888630,30,28963.33333333333,868900,1757530,29621,0,58584
6625,0,44,40대,1,1,1,1,9,0,1,0,0,0,0,0,0,73,3772,3,0,37400,1421310,50,30084.0,1504200,2925510,28426,0,58510
6628,1,26,20대,0,0,0,0,0,1,0,1,1,1,1,30,0,75,3974,3,0,38080,1715230,57,137521.05263157896,7838700,9553930,30091,0,167612
6636,1,48,40대,0,0,0,0,0,1,1,1,1,1,1,8,0,80,2935,3,0,9490,427140,57,73738.59649122808,4203100,4630240,7493,0,81232
6643,0,67,60대,0,0,0,0,0,1,0,0,0,0,1,11,1,70,2075,3,0,18420,258210,14,86486.66666666667,1297300,1555510,18443,0,111107
6646,1,20,20대,0,0,0,1,8,1,0,1,1,1,1,53,0,77,4712,3,0,53680,2949640,67,105238.80597014926,7051000,10000640,44024,0,149263
6670,0,47,40대,0,0,0,0,0,1,0,0,0,0,1,6,1,80,5086,3,0,1240,1240,1,103250.0,206500,207740,1240,0,207740
6680,0,60,60대,1,1,1,1,10,0,0,1,1,1,1,11,0,69,6194,3,0,20680,1384700,79,104924.0506329114,8289000,9673700,17527,0,122451
6689,1,37,30대,0,0,0,0,0,0,0,1,1,1,1,23,0,66,5075,3,0,23170,1132370,61,79272.13114754099,4835600,5967970,18563,0,97835
6693,0,37,30대,1,1,2,1,1,1,2,1,0,0,0,22,0,76,5764,3,169500,33560,435950,25,58032.0,1450800,2056250,17438,6780,82250
6698,1,54,50대,0,1,3,0,0,0,0,1,1,1,0,57,0,72,5265,3,101700,18980,1324930,82,78200.0,6412400,7839030,16157,1240,95597
6702,0,77,70대,1,0,0,1,5,1,0,0,1,1,1,21,0,75,5352,3,0,37970,1024230,39,101420.51282051284,3955400,4979630,26262,0,127682
6709,0,60,60대,0,0,0,0,0,1,0,1,0,0,1,5,0,72,3613,3,0,22710,136390,18,69827.77777777778,1256900,1393290,7577,0,77405
6713,0,45,40대,1,0,0,1,9,1,1,1,1,1,1,3,0,78,5949,3,0,20230,1453860,84,137411.90476190476,11542600,12996460,17307,0,154719
6715,0,53,50대,0,0,0,0,0,0,1,0,1,0,1,23,0,68,5029,3,0,54470,1252940,35,112228.57142857143,3928000,5180940,35798,0,148026
6717,1,26,20대,1,0,0,1,9,1,1,1,1,1,1,59,0,79,5313,3,0,27460,1810030,78,68202.56410256411,5319800,7129830,23205,0,91408
6725,0,61,60대,1,1,1,1,4,0,1,0,0,0,0,0,0,74,5011,3,0,8810,583980,78,23485.89743589744,1831900,2415880,7486,0,30972
6731,0,44,40대,1,0,0,1,6,1,0,0,0,0,0,0,0,68,2325,3,0,5310,245320,58,23663.793103448275,1372500,1617820,4229,0,27893
6752,0,62,60대,1,0,0,1,1,0,0,1,0,0,0,23,0,71,2170,3,169500,14920,627940,54,115124.07407407407,6216700,7014140,11628,3138,129891
6755,0,39,30대,1,1,1,1,2,1,0,0,0,0,0,0,0,73,3101,3,0,28590,343520,24,22120.83333333333,530900,874420,14313,0,36434
6757,0,41,40대,0,1,2,0,0,1,0,1,1,0,1,25,0,72,3176,3,0,0,0,55,47380.0,2605900,2605900,0,0,47380
6764,1,53,50대,0,0,0,0,0,1,0,0,0,0,1,9,1,70,2578,3,0,1470,13670,9,102690.0,1026900,1040570,1518,0,115618
6783,0,51,50대,0,0,0,0,0,1,0,0,0,0,1,14,1,65,3533,3,0,19550,39210,2,104966.66666666669,314900,354110,19605,0,177055
6786,0,62,60대,1,0,0,1,4,1,0,0,1,0,0,16,0,70,2568,3,169500,44640,1294420,41,100002.43902439025,4100100,5564020,31571,4134,135707
6799,1,75,70대,0,0,0,0,0,1,0,0,1,0,1,9,0,76,5693,3,0,0,0,77,63400.0,4881800,4881800,0,0,63400
6815,0,53,50대,1,0,0,1,1,1,0,1,1,1,1,3,0,68,2429,3,0,56160,1234530,34,121791.17647058824,4140900,5375430,36309,0,158100
6817,1,51,50대,0,1,3,0,0,0,1,0,0,0,0,0,0,65,4929,3,0,34800,139220,16,23056.25,368900,508120,8701,0,31757
6818,0,55,50대,0,1,1,0,0,1,1,0,1,1,1,22,0,74,4711,3,0,38870,1089320,40,63222.5,2528900,3618220,27233,0,90455
6834,0,30,30대,1,1,2,1,8,1,1,0,0,0,0,0,0,73,2948,3,0,21700,606810,40,24252.5,970100,1576910,15170,0,39422
6839,0,61,60대,0,0,0,0,0,0,0,1,0,0,1,7,0,73,4479,3,0,16610,1177010,83,125838.55421686747,10444600,11621610,14180,0,140019
6850,1,77,70대,1,0,0,1,1,1,0,0,1,1,1,25,0,73,6355,3,0,53790,2853140,65,109116.92307692308,7092600,9945740,43894,0,153011
6854,0,72,70대,1,1,1,1,1,1,0,0,1,0,0,22,0,68,3384,3,90400,47800,2245990,59,99832.20338983052,5890100,8226490,38067,1532,139432
